120 1
-1.573046615553e-01
-8.451867037896e-02
1.685678425651e-01
-4.017536901661e-01
4.068168468515e-01
-1.642360540833e-01
3.676945195442e-01
3.470122358933e-02
8.395344749312e-02
1.230997497940e-01
1.211759010593e-02
2.570394361674e-01
3.340400131793e-01
2.342342193371e-01
3.243180076338e-01
1.235553459881e-01
-7.501312735230e-03
1.277232278360e-01
5.125506452634e-02
1.844073315749e-02
3.604786379338e-02
2.063091161008e-01
2.406054256905e-01
1.846018306032e-01
8.525111135827e-02
3.795039661101e-01
-5.693426468413e-02
-8.111639981827e-02
5.813760592106e-02
1.490767475429e-01
-2.410115518494e-01
2.173034199970e-01
1.497734413376e-01
-1.296487298257e-01
2.078686368723e-01
3.891951801941e-01
4.243457269355e-01
1.735201583344e-02
-8.168373382023e-02
-5.933063216886e-02
1.886585865778e-01
1.756465348482e-01
3.295663670792e-01
1.056135052370e-01
-2.574613681620e-02
3.683309291418e-01
3.263624712033e-01
8.396039179924e-03
-1.916324382654e-01
-2.628404302745e-01
-4.853315252243e-01
3.133577858731e-01
-2.225070735939e-01
-9.576593410171e-02
1.447837018193e-01
2.479471268180e-01
-2.815934342469e-02
4.508725076092e-02
1.597744878041e-01
3.494916947631e-01
-1.426111236028e-02
-1.950362350157e-01
-1.520383426062e-01
-1.344609935156e-01
-2.834500136985e-01
-1.781729998743e-01
-2.521768488857e-03
6.124647252338e-02
1.821655951804e-01
1.293018729851e-01
-9.152586815194e-02
1.765147511709e-01
1.875253937772e-02
2.166082722554e-01
2.938824219314e-01
5.320082811374e-02
2.741659946012e-02
-2.433400466181e-02
-2.085467015769e-01
-1.562518751071e-01
1.953718281920e-01
-1.221103203238e-02
-6.595354434769e-03
1.189039582211e-02
4.107899017131e-02
-6.139734862958e-02
-1.123938999802e-01
4.565610032251e-04
-1.740175952284e-01
-1.494514855103e-01
-2.351603953684e-01
3.606743670982e-02
8.892241319819e-02
-3.823627099458e-02
-4.888216006000e-02
-2.063411767057e-02
2.653079299534e-02
2.183949112550e-01
2.504859939801e-01
2.814937134408e-01
7.415384984914e-01
-1.397471716093e+00
-1.489213014481e+00
-5.251418296160e-01
1.137088253126e-02
-1.895953497433e+00
7.674570685028e-02
-4.854041451939e+00
3.391193043882e+00
2.707932115838e-01
-2.105949983636e-01
3.070531949510e+00
-4.339743339556e+00
1.620039300970e+00
-5.362553981240e+00
-3.777406494431e-01
6.925621482846e-01
2.343923900615e+00
-3.371354057465e-01
2.055037536703e-01
