120 1
1.135291623557e-01
2.505376613198e-01
-9.772966879924e-02
-3.165730972704e-02
2.807214492556e-01
1.905260494013e-01
-2.411145792883e-01
7.384048966390e-02
-1.125988973598e-01
2.226653706004e-01
-8.789637173632e-02
2.422358783658e-02
-1.888415645076e-01
-1.810726479901e-01
-1.820814108385e-01
2.707856893663e-02
2.395061686285e-01
3.132696895911e-01
-3.571137262982e-02
-6.703403319249e-02
-2.135582591703e-02
1.706671398779e-01
-1.422555292276e-01
-1.599414011627e-01
5.590818266867e-02
4.760353849516e-02
-8.990354851525e-02
-2.351533551901e-01
-9.919203877195e-02
-8.730502598066e-02
-1.624083994254e-01
-1.756234871059e-01
2.155448112826e-03
-2.196716615285e-01
1.230359555198e-01
-2.487008789866e-01
1.724010972168e-01
1.200986779247e-01
-1.356200209136e-01
-7.136175504869e-02
-3.284780361916e-02
-2.809583022011e-01
-4.970314689199e-01
-2.877535188767e-02
-3.486136238658e-01
1.031508309715e-01
-1.166679199470e-01
1.560071145323e-01
2.028477831976e-01
1.679921757572e-01
1.107170925328e-01
3.667441712254e-02
4.279277543497e-02
1.742941565737e-01
-3.784073837720e-02
1.170800846414e-01
-8.476677440525e-02
1.497150762135e-01
2.095513599240e-01
1.824870885809e-01
4.204566627279e-03
-1.556048882917e-02
1.383926559619e-02
-3.655393508686e-02
1.111261215177e-01
-3.069205340750e-04
3.488581056182e-01
-8.042626832384e-02
1.033683988755e-01
5.948803437376e-02
-1.994940978541e-01
7.096924570423e-03
-5.218607313871e-01
-3.428397293084e-01
-2.293382327216e-01
-1.460950001481e-01
-1.581076721431e-01
-2.289507718293e-01
9.798627298221e-02
1.437733340246e-01
1.419228410529e-01
1.958229699684e-01
6.931951694653e-03
-7.136749568601e-02
-4.555582403662e-01
-3.070119242611e-01
-2.470410221827e-01
-7.803738726853e-02
9.142063556119e-02
-1.368559538361e-02
-1.850283326418e-01
1.152746119954e-02
1.638429235964e-01
-1.435165512193e-01
-2.534513849487e-01
-2.984090266181e-01
2.217432932036e-01
-8.358398540164e-02
7.406614310444e-02
-5.651017266891e-02
-2.270784064420e-01
-2.302290117375e-01
9.304265393625e-02
6.798332878752e-02
4.431976767864e-02
-1.707610729819e-01
-1.410204520039e-01
1.327823810929e-01
-6.044012224887e-02
-1.376555083883e-02
-3.025252354651e-03
1.907005235143e-01
1.291788250753e-01
5.697185825588e-02
5.093944063855e-02
-5.412382470510e-02
2.268724377069e-01
-7.159129384369e-02
-2.554784469980e-01
-1.335334767520e-01
