64
0.000000000000000000e+00
8.388079055875515423e-05
1.809832907293340923e-04
2.933915724893005911e-04
4.235182096616817941e-04
5.741560580183596848e-04
7.485381972222587962e-04
9.504073211181726438e-04
1.184096065668180028e-03
1.454619998577881936e-03
1.767785266412476080e-03
2.130313209589498099e-03
2.549984619809798035e-03
3.035806736066072944e-03
3.598206563397243849e-03
4.249254663511490594e-03
5.002924220406244210e-03
5.875390941206534885e-03
6.885380228872971763e-03
8.054569078007830368e-03
9.408051319487570688e-03
1.097487619928056053e-02
1.278867185075091041e-02
1.488836704178428047e-02
1.731902668730428071e-02
2.013281905944936875e-02
2.339013545425383880e-02
2.716088634578936109e-02
3.152600184660316746e-02
3.657916867823275686e-02
4.242884093169795034e-02
4.920056777411559862e-02
5.695894228389535019e-02
6.494125383587839861e-02
7.292356538786146092e-02
8.090587693984452322e-02
8.888818849182758552e-02
9.687050004381064783e-02
1.048528115957936963e-01
1.128351231477768002e-01
1.208174346997597931e-01
1.287997462517428970e-01
1.367820578037259871e-01
1.447643693557089939e-01
1.527466809076921117e-01
1.607289924596750907e-01
1.687113040116582086e-01
1.766936155636412986e-01
1.846759271156243054e-01
1.926582386676073955e-01
2.006405502195905133e-01
2.086228617715734923e-01
2.170244341657451004e-01
2.337604678580947892e-01
2.626803340784750751e-01
3.126538629072923015e-01
3.990081207234884020e-01
5.482282782298751878e-01
8.040731548167653342e-01
1.104073154816765046e+00
1.414073154816765090e+00
1.724073154816766023e+00
2.054073154816766067e+00
2.400000000000000000e+00
