205 14
0.000000000000E+00 0.000000000000E+00 0.000000000000E+00 0.000000000000E+00 7.179008029304E-31 7.179008029304E-31 7.179008029304E-31 3.230553613187E-31 0.000000000000E+00 0.000000000000E+00 0.000000000000E+00 -1.829379134658E-33 0.000000000000E+00 1.066851257891E-01
2.185750964000E-05 3.859880951139E-03 1.022205052658E-09 0.000000000000E+00 2.934407604273E-09 2.934407604273E-09 2.934407604273E-09 -1.320483421923E-09 0.000000000000E+00 0.000000000000E+00 0.000000000000E+00 7.477456563031E-12 2.148072596979E-08 9.982175011964E-02
7.327488129000E-05 1.293994531398E-02 1.139636601650E-08 0.000000000000E+00 1.130013883590E-07 1.130013883590E-07 1.130013883590E-07 -5.085062476154E-08 0.000000000000E+00 0.000000000000E+00 0.000000000000E+00 2.879704441637E-10 2.156994598183E-06 9.692472027391E-02
1.540928060000E-04 2.721100002367E-02 5.045959894221E-08 0.000000000000E+00 1.082086442189E-06 1.082086442189E-06 1.082086442189E-06 -4.869388989852E-07 0.000000000000E+00 0.000000000000E+00 0.000000000000E+00 2.758894103346E-09 3.071530531941E-05 9.248662964027E-02
2.643117914000E-04 4.666441482957E-02 1.489340379839E-07 0.000000000000E+00 5.628400074474E-06 5.628400074474E-06 5.628400074474E-06 -2.532780033513E-06 0.000000000000E+00 0.000000000000E+00 0.000000000000E+00 1.437692689384E-08 1.501821277931E-04 8.745472181351E-02
4.039403866000E-04 7.126275358731E-02 3.485106033744E-07 0.000000000000E+00 2.055754308391E-05 2.055754308391E-05 2.055754308391E-05 -9.250894387760E-06 0.000000000000E+00 0.000000000000E+00 0.000000000000E+00 5.279367831260E-08 3.747550128117E-04 8.322183473839E-02
5.729902186000E-04 1.008849013915E-01 7.021767233631E-07 0.000000000000E+00 5.896074901976E-05 5.896074901976E-05 5.896074901976E-05 -2.653233705889E-05 0.000000000000E+00 0.000000000000E+00 0.000000000000E+00 1.533102828399E-07 6.893671875857E-04 7.863303275060E-02
7.714756066000E-04 1.352353775508E-01 1.270071883928E-06 0.000000000000E+00 1.404470843706E-04 1.404470843706E-04 1.404470843706E-04 -6.320118796676E-05 0.000000000000E+00 0.000000000000E+00 0.000000000000E+00 3.742448325736E-07 1.094494438609E-03 7.337849337563E-02
9.994135471000E-04 1.737287577352E-01 2.113446008549E-06 0.000000000000E+00 2.870184227390E-04 2.870184227390E-04 2.870184227390E-04 -1.291582902326E-04 0.000000000000E+00 0.000000000000E+00 0.000000000000E+00 7.975950804487E-07 1.583305387147E-03 6.803918789721E-02
1.256824005000E-03 2.154124333813E-01 3.286504269223E-06 0.000000000000E+00 5.147709417387E-04 5.147709417387E-04 5.147709417387E-04 -2.316469237824E-04 0.000000000000E+00 0.000000000000E+00 0.000000000000E+00 1.525086432502E-06 2.153241699153E-03 6.281752135773E-02
1.543728053000E-03 2.589905799857E-01 4.822288607675E-06 0.000000000000E+00 8.256812649593E-04 8.256812649593E-04 8.256812649593E-04 -3.715565692317E-04 0.000000000000E+00 0.000000000000E+00 0.000000000000E+00 2.673290509018E-06 2.801834210055E-03 5.889840181931E-02
1.860150951000E-03 3.029697158150E-01 6.725164197356E-06 0.000000000000E+00 1.204668980391E-03 1.204668980391E-03 1.204668980391E-03 -5.421010411761E-04 0.000000000000E+00 0.000000000000E+00 0.000000000000E+00 4.369848334828E-06 3.526774442596E-03 5.699413473352E-02
2.206119942000E-03 3.458888598825E-01 8.964257833316E-06 0.000000000000E+00 1.623720134914E-03 1.623720134914E-03 1.623720134914E-03 -7.306740607112E-04 0.000000000000E+00 0.000000000000E+00 0.000000000000E+00 6.750912781459E-06 4.326043028647E-03 5.624567809770E-02
2.581665991000E-03 3.865354754573E-01 1.147958509922E-05 0.000000000000E+00 2.050546384508E-03 2.050546384508E-03 2.050546384508E-03 -9.227458730286E-04 0.000000000000E+00 0.000000000000E+00 0.000000000000E+00 9.957167931592E-06 5.197799728850E-03 5.601015391421E-02
2.986819018000E-03 4.240816217288E-01 1.420523973678E-05 0.000000000000E+00 2.457049273710E-03 2.457049273710E-03 2.457049273710E-03 -1.105672173169E-03 0.000000000000E+00 0.000000000000E+00 0.000000000000E+00 1.413075316747E-05 6.140279172448E-03 5.567489015574E-02
3.421616973000E-03 4.581027382324E-01 1.707591101556E-05 0.000000000000E+00 2.824196054072E-03 2.824196054072E-03 2.824196054072E-03 -1.270888224332E-03 0.000000000000E+00 0.000000000000E+00 0.000000000000E+00 1.940952557689E-05 7.151749935666E-03 5.454461443014E-02
3.886095015000E-03 4.885156234779E-01 2.003080579683E-05 0.000000000000E+00 3.142815849328E-03 3.142815849328E-03 3.142815849328E-03 -1.414267132198E-03 0.000000000000E+00 0.000000000000E+00 0.000000000000E+00 2.592535063513E-05 8.230437901248E-03 5.282193138229E-02
4.380294122000E-03 5.154749330598E-01 2.300629176447E-05 0.000000000000E+00 3.411504606684E-03 3.411504606684E-03 3.411504606684E-03 -1.535177073008E-03 0.000000000000E+00 0.000000000000E+00 0.000000000000E+00 3.380126797082E-05 9.374515761247E-03 5.065899196669E-02
4.904257134000E-03 5.392721469341E-01 2.593132138694E-05 0.000000000000E+00 3.633698334436E-03 3.633698334436E-03 3.633698334436E-03 -1.635164250496E-03 0.000000000000E+00 0.000000000000E+00 0.000000000000E+00 4.314961135513E-05 1.058206073529E-02 4.799918493210E-02
5.458029918000E-03 5.602574914334E-01 2.875790958242E-05 0.000000000000E+00 3.815094992730E-03 3.815094992730E-03 3.815094992730E-03 -1.716792746728E-03 0.000000000000E+00 0.000000000000E+00 0.000000000000E+00 5.405088041008E-05 1.185104012783E-02 4.522841459682E-02
6.041659974000E-03 5.787950589866E-01 3.145776617299E-05 0.000000000000E+00 3.961874236174E-03 3.961874236174E-03 3.961874236174E-03 -1.782843406279E-03 0.000000000000E+00 0.000000000000E+00 0.000000000000E+00 6.655514889171E-05 1.317929224579E-02 4.242244855891E-02
6.655198988000E-03 5.952302109443E-01 3.403371975633E-05 0.000000000000E+00 4.079948688754E-03 4.079948688754E-03 4.079948688754E-03 -1.835976909939E-03 0.000000000000E+00 0.000000000000E+00 0.000000000000E+00 8.066825982436E-05 1.456451135918E-02 3.952968652498E-02
7.298700046000E-03 6.098760343026E-01 3.654184383711E-05 0.000000000000E+00 4.174709847353E-03 4.174709847353E-03 4.174709847353E-03 -1.878619431309E-03 0.000000000000E+00 0.000000000000E+00 0.000000000000E+00 9.634914710132E-05 1.600424030111E-02 3.680299575449E-02
7.972219959000E-03 6.230083518581E-01 3.903386126548E-05 0.000000000000E+00 4.250701128646E-03 4.250701128646E-03 4.250701128646E-03 -1.912815507890E-03 0.000000000000E+00 0.000000000000E+00 0.000000000000E+00 1.134967256293E-04 1.749585042122E-02 3.420408053882E-02
8.675815538000E-03 6.348663902934E-01 4.157338145805E-05 0.000000000000E+00 4.311721056356E-03 4.311721056356E-03 4.311721056356E-03 -1.940274475360E-03 0.000000000000E+00 0.000000000000E+00 0.000000000000E+00 1.319830973503E-04 1.903654033705E-02 3.168854703324E-02
9.409552440000E-03 6.456530062402E-01 4.427892328189E-05 0.000000000000E+00 4.361086454241E-03 4.361086454241E-03 4.361086454241E-03 -1.962488904408E-03 0.000000000000E+00 0.000000000000E+00 0.000000000000E+00 1.516474551145E-04 2.062333425760E-02 2.941282253079E-02
1.017349027000E-02 6.555392223583E-01 4.726510606266E-05 0.000000000000E+00 4.401058246694E-03 4.401058246694E-03 4.401058246694E-03 -1.980476211012E-03 0.000000000000E+00 0.000000000000E+00 0.000000000000E+00 1.722267465718E-04 2.225305059752E-02 2.728781362304E-02
1.096769981000E-02 6.646720262453E-01 5.062233799665E-05 0.000000000000E+00 4.433114502987E-03 4.433114502987E-03 4.433114502987E-03 -1.994901526344E-03 0.000000000000E+00 0.000000000000E+00 0.000000000000E+00 1.934626434517E-04 2.392233398172E-02 2.530518639777E-02
1.179224998000E-02 6.731744242449E-01 5.436061645401E-05 0.000000000000E+00 4.458666249565E-03 4.458666249565E-03 4.458666249565E-03 -2.006399812304E-03 0.000000000000E+00 0.000000000000E+00 0.000000000000E+00 2.150901188787E-04 2.562760856794E-02 2.356315802476E-02
1.264721993000E-02 6.811497396901E-01 5.836865227906E-05 0.000000000000E+00 4.478862015998E-03 4.478862015998E-03 4.478862015998E-03 -2.015487907199E-03 0.000000000000E+00 0.000000000000E+00 0.000000000000E+00 2.369185263537E-04 2.736511845792E-02 2.195164849291E-02
1.353268046000E-02 6.886824346548E-01 6.252487365378E-05 0.000000000000E+00 4.494905633978E-03 4.494905633978E-03 4.494905633978E-03 -2.022707535290E-03 0.000000000000E+00 0.000000000000E+00 0.000000000000E+00 2.588404843807E-04 2.913087441473E-02 2.046716710647E-02
1.444869954000E-02 6.958406606952E-01 6.678633935201E-05 0.000000000000E+00 4.507928460346E-03 4.507928460346E-03 4.507928460346E-03 -2.028567807156E-03 0.000000000000E+00 0.000000000000E+00 0.000000000000E+00 2.805233969550E-04 3.092065878207E-02 1.916756298286E-02
1.539537963000E-02 7.026864524369E-01 7.124730577850E-05 0.000000000000E+00 4.518284955718E-03 4.518284955718E-03 4.518284955718E-03 -2.033228230073E-03 0.000000000000E+00 0.000000000000E+00 0.000000000000E+00 3.016037271987E-04 3.273011267236E-02 1.796241357295E-02
1.637279056000E-02 7.092755603161E-01 7.611940754609E-05 0.000000000000E+00 4.525918257025E-03 4.525918257025E-03 4.525918257025E-03 -2.036663215661E-03 0.000000000000E+00 0.000000000000E+00 0.000000000000E+00 3.218070446172E-04 3.455459009196E-02 1.686363583076E-02
1.738101989000E-02 7.156564759104E-01 8.166272115692E-05 0.000000000000E+00 4.530947345621E-03 4.530947345621E-03 4.530947345621E-03 -2.038926305529E-03 0.000000000000E+00 0.000000000000E+00 0.000000000000E+00 3.408731233633E-04 3.638925840515E-02 1.590279466526E-02
1.842016913000E-02 7.218721279392E-01 8.819670173427E-05 0.000000000000E+00 4.533729378885E-03 4.533729378885E-03 4.533729378885E-03 -2.040178220498E-03 0.000000000000E+00 0.000000000000E+00 0.000000000000E+00 3.584747487529E-04 3.822909390797E-02 1.500008820492E-02
1.949032955000E-02 7.279627047202E-01 9.595017669955E-05 0.000000000000E+00 4.534585311826E-03 4.534585311826E-03 4.534585311826E-03 -2.040563390322E-03 0.000000000000E+00 0.000000000000E+00 0.000000000000E+00 3.741710426652E-04 4.006883107272E-02 1.417253889639E-02
2.059159055000E-02 7.339684951838E-01 1.049650605682E-04 0.000000000000E+00 4.533470337991E-03 4.533470337991E-03 4.533470337991E-03 -2.040061652096E-03 0.000000000000E+00 0.000000000000E+00 0.000000000000E+00 3.873008508686E-04 4.190301241381E-02 1.344805848943E-02
2.172405086000E-02 7.399335965921E-01 1.152616432406E-04 0.000000000000E+00 4.529588825917E-03 4.529588825917E-03 4.529588825917E-03 -2.038314971663E-03 0.000000000000E+00 0.000000000000E+00 0.000000000000E+00 3.976759550019E-04 4.372596197604E-02 1.276948049357E-02
2.288782038000E-02 7.458985758833E-01 1.269507039423E-04 0.000000000000E+00 4.522307507060E-03 4.522307507060E-03 4.522307507060E-03 -2.035038378177E-03 0.000000000000E+00 0.000000000000E+00 0.000000000000E+00 4.059450955831E-04 4.553183145291E-02 1.215073160138E-02
2.408301085000E-02 7.518901705648E-01 1.403002680233E-04 0.000000000000E+00 4.511674308716E-03 4.511674308716E-03 4.511674308716E-03 -2.030253438922E-03 0.000000000000E+00 0.000000000000E+00 0.000000000000E+00 4.126596846905E-04 4.731458637737E-02 1.160030709418E-02
2.530971915000E-02 7.579254796512E-01 1.555402757309E-04 0.000000000000E+00 4.497457961365E-03 4.497457961365E-03 4.497457961365E-03 -2.023856082614E-03 0.000000000000E+00 0.000000000000E+00 0.000000000000E+00 4.183247499030E-04 4.906797172546E-02 1.106740825651E-02
2.656807005000E-02 7.640133841408E-01 1.726801315544E-04 0.000000000000E+00 4.479207034909E-03 4.479207034909E-03 4.479207034909E-03 -2.015643165709E-03 0.000000000000E+00 0.000000000000E+00 0.000000000000E+00 4.233322214439E-04 5.078560371357E-02 1.057870364279E-02
2.785816975000E-02 7.701560317156E-01 1.917449137440E-04 0.000000000000E+00 4.456240921517E-03 4.456240921517E-03 4.456240921517E-03 -2.005308414682E-03 0.000000000000E+00 0.000000000000E+00 0.000000000000E+00 4.276433786119E-04 5.246089409448E-02 1.014185940648E-02
2.918013930000E-02 7.763550208621E-01 2.126857449764E-04 0.000000000000E+00 4.428051739760E-03 4.428051739760E-03 4.428051739760E-03 -1.992623282892E-03 0.000000000000E+00 0.000000000000E+00 0.000000000000E+00 4.317769884817E-04 5.408713780898E-02 9.713073067801E-03
3.053410910000E-02 7.826035051949E-01 2.353761156841E-04 0.000000000000E+00 4.395430825901E-03 4.395430825901E-03 4.395430825901E-03 -1.977943871656E-03 0.000000000000E+00 0.000000000000E+00 0.000000000000E+00 4.355841684267E-04 5.565747912058E-02 9.315852668579E-03
3.192019835000E-02 7.888975969832E-01 2.599301134530E-04 0.000000000000E+00 4.358588806857E-03 4.358588806857E-03 4.358588806857E-03 -1.961364963085E-03 0.000000000000E+00 0.000000000000E+00 0.000000000000E+00 4.383672196043E-04 5.716493685877E-02 8.956188019209E-03
3.333855048000E-02 7.952436603946E-01 2.863557310517E-04 0.000000000000E+00 4.317954229683E-03 4.317954229683E-03 4.317954229683E-03 -1.943079403357E-03 0.000000000000E+00 0.000000000000E+00 0.000000000000E+00 4.409649728417E-04 5.860243712546E-02 8.602900150340E-03
3.478927910000E-02 8.016361883163E-01 3.145496440368E-04 0.000000000000E+00 4.274257353793E-03 4.274257353793E-03 4.274257353793E-03 -1.923415809207E-03 0.000000000000E+00 0.000000000000E+00 0.000000000000E+00 4.434252976251E-04 5.996277707859E-02 8.281050292935E-03
3.627252951000E-02 8.080699829214E-01 3.447036296138E-04 0.000000000000E+00 4.226551429553E-03 4.226551429553E-03 4.226551429553E-03 -1.901948143299E-03 0.000000000000E+00 0.000000000000E+00 0.000000000000E+00 4.454447133780E-04 6.123871814725E-02 7.980070285010E-03
3.778845072000E-02 8.145426235076E-01 3.769888132895E-04 0.000000000000E+00 4.175041089356E-03 4.175041089356E-03 4.175041089356E-03 -1.878768490210E-03 0.000000000000E+00 0.000000000000E+00 0.000000000000E+00 4.476735738270E-04 6.242324388009E-02 7.678390652607E-03
3.933718055000E-02 8.210422361151E-01 4.115285681571E-04 0.000000000000E+00 4.119234043087E-03 4.119234043087E-03 4.119234043087E-03 -1.853655319389E-03 0.000000000000E+00 0.000000000000E+00 0.000000000000E+00 4.488545467284E-04 6.351239768944E-02 7.401950076373E-03
4.091886058000E-02 8.275741730700E-01 4.485378952529E-04 0.000000000000E+00 4.057861479292E-03 4.057861479292E-03 4.057861479292E-03 -1.826037665681E-03 0.000000000000E+00 0.000000000000E+00 0.000000000000E+00 4.493868737143E-04 6.450414555960E-02 7.139465375033E-03
4.253365099000E-02 8.341357089833E-01 4.882416195421E-04 0.000000000000E+00 3.991767780214E-03 3.991767780214E-03 3.991767780214E-03 -1.796295501096E-03 0.000000000000E+00 0.000000000000E+00 0.000000000000E+00 4.510518475830E-04 6.539580742595E-02 6.879726624053E-03
4.418170825000E-02 8.406990294919E-01 5.310424020473E-04 0.000000000000E+00 3.921307375277E-03 3.921307375277E-03 3.921307375277E-03 -1.764588318875E-03 0.000000000000E+00 0.000000000000E+00 0.000000000000E+00 4.520168577454E-04 6.618436928473E-02 6.643035159132E-03
4.586319998000E-02 8.472632551711E-01 5.770986567609E-04 0.000000000000E+00 3.844691089196E-03 3.844691089196E-03 3.844691089196E-03 -1.730110990138E-03 0.000000000000E+00 0.000000000000E+00 0.000000000000E+00 4.514812190832E-04 6.686678970512E-02 6.409996820327E-03
4.757827893000E-02 8.538355705077E-01 6.262111028270E-04 0.000000000000E+00 3.761609930577E-03 3.761609930577E-03 3.761609930577E-03 -1.692724468759E-03 0.000000000000E+00 0.000000000000E+00 0.000000000000E+00 4.504652275125E-04 6.744015849464E-02 6.172637580694E-03
4.932710901000E-02 8.604071931043E-01 6.785243336969E-04 0.000000000000E+00 3.672936642017E-03 3.672936642017E-03 3.672936642017E-03 -1.652821488908E-03 0.000000000000E+00 0.000000000000E+00 0.000000000000E+00 4.477534889313E-04 6.790179445809E-02 5.954403373889E-03
5.110988021000E-02 8.669880520412E-01 7.343090405426E-04 0.000000000000E+00 3.578043823470E-03 3.578043823470E-03 3.578043823470E-03 -1.610119720561E-03 0.000000000000E+00 0.000000000000E+00 0.000000000000E+00 4.435894808594E-04 6.824931155404E-02 5.744653847023E-03
5.292674899000E-02 8.735828347820E-01 7.936288601935E-04 0.000000000000E+00 3.475733638359E-03 3.475733638359E-03 3.475733638359E-03 -1.564080137261E-03 0.000000000000E+00 0.000000000000E+00 0.000000000000E+00 4.397482484384E-04 6.848065681811E-02 5.534224865677E-03
5.477792025000E-02 8.801670115438E-01 8.563353478211E-04 0.000000000000E+00 3.366299645165E-03 3.366299645165E-03 3.366299645165E-03 -1.514834840324E-03 0.000000000000E+00 0.000000000000E+00 0.000000000000E+00 4.361192753285E-04 6.859416874059E-02 5.340088445778E-03
5.666356161000E-02 8.867166767159E-01 9.220423667011E-04 0.000000000000E+00 3.249975183717E-03 3.249975183717E-03 3.249975183717E-03 -1.462488832673E-03 0.000000000000E+00 0.000000000000E+00 0.000000000000E+00 4.323567838638E-04 6.858854863798E-02 5.147094356421E-03
5.858385935000E-02 8.932122704130E-01 9.907084975340E-04 0.000000000000E+00 3.127855762645E-03 3.127855762645E-03 3.127855762645E-03 -1.407535093190E-03 0.000000000000E+00 0.000000000000E+00 0.000000000000E+00 4.269600195734E-04 6.846289661193E-02 4.951155790288E-03
6.053902954000E-02 8.996577700603E-01 1.062350062977E-03 0.000000000000E+00 2.999263487918E-03 2.999263487918E-03 2.999263487918E-03 -1.349668569563E-03 0.000000000000E+00 0.000000000000E+00 0.000000000000E+00 4.196099074366E-04 6.821670942123E-02 4.763794798489E-03
6.252925098000E-02 9.060592855547E-01 1.136538388052E-03 0.000000000000E+00 2.864048783260E-03 2.864048783260E-03 2.864048783260E-03 -1.288821952467E-03 0.000000000000E+00 0.000000000000E+00 0.000000000000E+00 4.130737938627E-04 6.784987366881E-02 4.575614746723E-03
6.455474347000E-02 9.123789776398E-01 1.213136745370E-03 0.000000000000E+00 2.725277432385E-03 2.725277432385E-03 2.725277432385E-03 -1.226374844573E-03 0.000000000000E+00 0.000000000000E+00 0.000000000000E+00 4.074541713944E-04 6.736263307755E-02 4.386046592277E-03
6.661570072000E-02 9.185821442892E-01 1.291923048601E-03 0.000000000000E+00 2.583140124212E-03 2.583140124212E-03 2.583140124212E-03 -1.162413055896E-03 0.000000000000E+00 0.000000000000E+00 0.000000000000E+00 4.009785442793E-04 6.675553102852E-02 4.209521561550E-03
6.871233881000E-02 9.246601739596E-01 1.372248588526E-03 0.000000000000E+00 2.436571435138E-03 2.436571435138E-03 2.436571435138E-03 -1.096457145812E-03 0.000000000000E+00 0.000000000000E+00 0.000000000000E+00 3.939148902186E-04 6.602946043604E-02 4.035155921099E-03
7.084488869000E-02 9.305960997466E-01 1.453999729329E-03 0.000000000000E+00 2.287845099237E-03 2.287845099237E-03 2.287845099237E-03 -1.029530294657E-03 0.000000000000E+00 0.000000000000E+00 0.000000000000E+00 3.867131695364E-04 6.518562120065E-02 3.857925161544E-03
7.301356643000E-02 9.363696797758E-01 1.537020366994E-03 0.000000000000E+00 2.137456337380E-03 2.137456337380E-03 2.137456337380E-03 -9.618553518212E-04 0.000000000000E+00 0.000000000000E+00 0.000000000000E+00 3.794698378407E-04 6.422526770920E-02 3.686198509129E-03
7.521860301000E-02 9.419588624300E-01 1.620394889580E-03 0.000000000000E+00 1.985792562418E-03 1.985792562418E-03 1.985792562418E-03 -8.936066530883E-04 0.000000000000E+00 0.000000000000E+00 0.000000000000E+00 3.728197359730E-04 6.314919451017E-02 3.508734452879E-03
7.746022940000E-02 9.473317868290E-01 1.703566701664E-03 0.000000000000E+00 1.835174504353E-03 1.835174504353E-03 1.835174504353E-03 -8.258285269590E-04 0.000000000000E+00 0.000000000000E+00 0.000000000000E+00 3.666716737470E-04 6.194831729677E-02 3.332797310261E-03
7.973869145000E-02 9.524634048219E-01 1.786584583810E-03 0.000000000000E+00 1.686044911383E-03 1.686044911383E-03 1.686044911383E-03 -7.587202101224E-04 0.000000000000E+00 0.000000000000E+00 0.000000000000E+00 3.609396687555E-04 6.060198393393E-02 3.165798965530E-03
8.205422759000E-02 9.573308223400E-01 1.869140350325E-03 0.000000000000E+00 1.539642475386E-03 1.539642475386E-03 1.539642475386E-03 -6.928391139237E-04 0.000000000000E+00 0.000000000000E+00 0.000000000000E+00 3.558392767965E-04 5.908804259050E-02 3.000355137943E-03
8.440709114000E-02 9.619119801926E-01 1.950302355307E-03 0.000000000000E+00 1.398509223004E-03 1.398509223004E-03 1.398509223004E-03 -6.293291503517E-04 0.000000000000E+00 0.000000000000E+00 0.000000000000E+00 3.512488602103E-04 5.735729377144E-02 2.835456731348E-03
8.679754287000E-02 9.661949291972E-01 2.029335476606E-03 0.000000000000E+00 1.263324915636E-03 1.263324915636E-03 1.263324915636E-03 -5.684962120361E-04 0.000000000000E+00 0.000000000000E+00 0.000000000000E+00 3.467981445449E-04 5.533067281782E-02 2.677786014989E-03
8.922584355000E-02 9.701755725771E-01 2.106072491546E-03 0.000000000000E+00 1.134569089243E-03 1.134569089243E-03 1.134569089243E-03 -5.105560901593E-04 0.000000000000E+00 0.000000000000E+00 0.000000000000E+00 3.422620300841E-04 5.293619029149E-02 2.519114697269E-03
9.169226140000E-02 9.738547556109E-01 2.180053226341E-03 0.000000000000E+00 1.012774269582E-03 1.012774269582E-03 1.012774269582E-03 -4.557484213119E-04 0.000000000000E+00 0.000000000000E+00 0.000000000000E+00 3.375912974900E-04 5.011997049782E-02 2.363092452586E-03
9.419705719000E-02 9.772362311865E-01 2.250364860348E-03 0.000000000000E+00 8.973775319913E-04 8.973775319913E-04 8.973775319913E-04 -4.038198893961E-04 0.000000000000E+00 0.000000000000E+00 0.000000000000E+00 3.327872608559E-04 4.682523871418E-02 2.215983792721E-03
9.674055129000E-02 9.803226278938E-01 2.316444060072E-03 0.000000000000E+00 7.878230728320E-04 7.878230728320E-04 7.878230728320E-04 -3.545203827744E-04 0.000000000000E+00 0.000000000000E+00 0.000000000000E+00 3.268030173752E-04 4.298312033734E-02 2.069532425871E-03
9.932298958000E-02 9.831240922696E-01 2.377961854995E-03 0.000000000000E+00 6.835858637828E-04 6.835858637828E-04 6.835858637828E-04 -3.076136387023E-04 0.000000000000E+00 0.000000000000E+00 0.000000000000E+00 3.199650528507E-04 3.853445780904E-02 1.926107149401E-03
1.019446999000E-01 9.856445983185E-01 2.434641739498E-03 0.000000000000E+00 5.871711364336E-04 5.871711364336E-04 5.871711364336E-04 -2.642270113951E-04 0.000000000000E+00 0.000000000000E+00 0.000000000000E+00 3.155374663622E-04 3.351531353975E-02 1.788398176580E-03
1.046058983000E-01 9.878730515925E-01 2.486193175665E-03 0.000000000000E+00 5.013570474316E-04 5.013570474316E-04 5.013570474316E-04 -2.256106713442E-04 0.000000000000E+00 0.000000000000E+00 0.000000000000E+00 3.129858603810E-04 2.834015653277E-02 1.649909557024E-03
1.073070988000E-01 9.898201672145E-01 2.532199599064E-03 0.000000000000E+00 4.248514418681E-04 4.248514418681E-04 4.248514418681E-04 -1.911831488406E-04 0.000000000000E+00 0.000000000000E+00 0.000000000000E+00 3.095272968499E-04 2.408807798544E-02 1.517209433163E-03
1.100483984000E-01 9.915133629190E-01 2.572554364750E-03 0.000000000000E+00 3.560833466370E-04 3.560833466370E-04 3.560833466370E-04 -1.602375059867E-04 0.000000000000E+00 0.000000000000E+00 0.000000000000E+00 3.060502186875E-04 1.972314088725E-02 1.392478029853E-03
1.128301993000E-01 9.929698194453E-01 2.607743441721E-03 0.000000000000E+00 2.951255926026E-04 2.951255926026E-04 2.951255926026E-04 -1.328065166712E-04 0.000000000000E+00 0.000000000000E+00 0.000000000000E+00 3.025596167621E-04 1.326698891787E-02 1.269899113376E-03
1.156527996000E-01 9.942087809359E-01 2.638609197069E-03 0.000000000000E+00 2.413142775400E-04 2.413142775400E-04 2.413142775400E-04 -1.085914248930E-04 0.000000000000E+00 0.000000000000E+00 0.000000000000E+00 2.997546350142E-04 5.944508093139E-03 1.154569387436E-03
1.185166016000E-01 9.952462439255E-01 2.666018343344E-03 0.000000000000E+00 1.951129594776E-04 1.951129594776E-04 1.951129594776E-04 -8.780083176491E-05 0.000000000000E+00 0.000000000000E+00 0.000000000000E+00 2.990839339207E-04 2.382226105134E-03 1.045946745513E-03
1.214220002000E-01 9.960991697592E-01 2.690330491785E-03 0.000000000000E+00 1.561356025815E-04 1.561356025815E-04 1.561356025815E-04 -7.026102116169E-05 0.000000000000E+00 0.000000000000E+00 0.000000000000E+00 2.965027412921E-04 1.337277276453E-03 9.414575587357E-04
1.243690997000E-01 9.967975316679E-01 2.711479941308E-03 0.000000000000E+00 1.227962524796E-04 1.227962524796E-04 1.227962524796E-04 -5.525831361580E-05 0.000000000000E+00 0.000000000000E+00 0.000000000000E+00 2.899546126708E-04 1.114208298555E-03 8.454969776741E-04
1.273586005000E-01 9.973672579821E-01 2.729502983954E-03 0.000000000000E+00 9.469154840184E-05 9.469154840184E-05 9.469154840184E-05 -4.261119678083E-05 0.000000000000E+00 0.000000000000E+00 0.000000000000E+00 2.853502259335E-04 1.092884166165E-03 7.540073223840E-04
1.303905994000E-01 9.978200247579E-01 2.744497905469E-03 0.000000000000E+00 7.186872390586E-05 7.186872390586E-05 7.186872390586E-05 -3.234092575764E-05 0.000000000000E+00 0.000000000000E+00 0.000000000000E+00 2.802056184044E-04 1.088102002145E-03 6.673465668074E-04
1.334656030000E-01 9.981749372100E-01 2.756734818023E-03 0.000000000000E+00 5.359925563374E-05 5.359925563374E-05 5.359925563374E-05 -2.411966503518E-05 0.000000000000E+00 0.000000000000E+00 0.000000000000E+00 2.742256810702E-04 1.087028826773E-03 5.894822835198E-04
1.365839988000E-01 9.984492173644E-01 2.766852325665E-03 0.000000000000E+00 3.864160159172E-05 3.864160159172E-05 3.864160159172E-05 -1.738872071627E-05 0.000000000000E+00 0.000000000000E+00 0.000000000000E+00 2.642400718048E-04 1.087477690446E-03 5.173793906805E-04
1.397460997000E-01 9.986573042343E-01 2.775452724062E-03 0.000000000000E+00 2.685009855139E-05 2.685009855139E-05 2.685009855139E-05 -1.208254434812E-05 0.000000000000E+00 0.000000000000E+00 0.000000000000E+00 2.529290452449E-04 1.087287646783E-03 4.497046592017E-04
1.429523975000E-01 9.988104706503E-01 2.782851278458E-03 0.000000000000E+00 1.821489337111E-05 1.821489337111E-05 1.821489337111E-05 -8.196702017001E-06 0.000000000000E+00 0.000000000000E+00 0.000000000000E+00 2.478324358176E-04 1.087314587060E-03 3.891181109613E-04
1.462032944000E-01 9.989179893981E-01 2.789208620002E-03 0.000000000000E+00 1.193181957995E-05 1.193181957995E-05 1.193181957995E-05 -5.369318810979E-06 0.000000000000E+00 0.000000000000E+00 0.000000000000E+00 2.472656256716E-04 1.087327177980E-03 3.350422435643E-04
1.494991034000E-01 9.989895571675E-01 2.794674589650E-03 0.000000000000E+00 7.557974323044E-06 7.557974323044E-06 7.557974323044E-06 -3.401088445370E-06 0.000000000000E+00 0.000000000000E+00 0.000000000000E+00 2.419245191562E-04 1.087315493262E-03 2.864078459639E-04
1.528404951000E-01 9.990365320204E-01 2.799507736250E-03 0.000000000000E+00 4.661746114798E-06 4.661746114798E-06 4.661746114798E-06 -2.097785751659E-06 0.000000000000E+00 0.000000000000E+00 0.000000000000E+00 2.397557662531E-04 1.087319213902E-03 2.437884230329E-04
1.562276930000E-01 9.990661689113E-01 2.803971447925E-03 0.000000000000E+00 2.743942832867E-06 2.743942832867E-06 2.743942832867E-06 -1.234774274790E-06 0.000000000000E+00 0.000000000000E+00 0.000000000000E+00 2.224104829095E-04 1.087318693368E-03 2.056675288149E-04
1.596612036000E-01 9.990852310099E-01 2.808193839071E-03 0.000000000000E+00 1.542090526482E-06 1.542090526482E-06 1.542090526482E-06 -6.939407369170E-07 0.000000000000E+00 0.000000000000E+00 0.000000000000E+00 1.854908836933E-04 1.087317843789E-03 1.718982411549E-04
1.631415933000E-01 9.990982515107E-01 2.812193426059E-03 0.000000000000E+00 7.511894610472E-07 7.511894610472E-07 7.511894610472E-07 -3.380352574712E-07 0.000000000000E+00 0.000000000000E+00 0.000000000000E+00 1.579765324694E-04 1.087317857384E-03 1.422807051576E-04
1.666692048000E-01 9.991057998284E-01 2.815991675527E-03 0.000000000000E+00 1.927765831951E-07 1.927765831951E-07 1.927765831951E-07 -8.674946243778E-08 0.000000000000E+00 0.000000000000E+00 0.000000000000E+00 6.029105534893E-05 1.087317598670E-03 1.161178751033E-04
1.702446043000E-01 9.991109442729E-01 2.819687042286E-03 0.000000000000E+00 1.490917477443E-07 1.490917477443E-07 1.490917477443E-07 6.709128648494E-08 0.000000000000E+00 0.000000000000E+00 0.000000000000E+00 -1.194423277332E-04 1.087317289236E-03 9.519669315659E-05
1.738682985000E-01 9.991129797180E-01 2.823352869971E-03 0.000000000000E+00 3.343056144320E-07 3.343056144320E-07 3.343056144320E-07 1.504375264944E-07 0.000000000000E+00 0.000000000000E+00 0.000000000000E+00 -4.766875241162E-04 1.087316939928E-03 7.746327113366E-05
1.775407940000E-01 9.991141387186E-01 2.826999393973E-03 0.000000000000E+00 4.219857870469E-07 4.219857870469E-07 4.219857870469E-07 1.898936041711E-07 0.000000000000E+00 0.000000000000E+00 0.000000000000E+00 -5.269649876955E-04 1.087316594254E-03 6.170113200522E-05
1.812625974000E-01 9.991154798830E-01 2.830487738762E-03 0.000000000000E+00 4.393650417751E-07 4.393650417751E-07 4.393650417751E-07 1.977142687988E-07 0.000000000000E+00 0.000000000000E+00 0.000000000000E+00 2.464128493682E-03 1.087316359214E-03 4.887228937071E-05
1.850342005000E-01 9.991151772609E-01 2.834990098687E-03 0.000000000000E+00 4.237083083677E-07 4.237083083677E-07 4.237083083677E-07 1.906687387654E-07 0.000000000000E+00 0.000000000000E+00 0.000000000000E+00 1.829121020988E-03 1.087316109788E-03 3.837865049646E-05
1.888561994000E-01 9.991147788533E-01 2.837393810514E-03 0.000000000000E+00 4.176558093378E-07 4.176558093378E-07 4.176558093378E-07 1.879451142020E-07 0.000000000000E+00 0.000000000000E+00 0.000000000000E+00 -Inf 1.087315774833E-03 2.938075355423E-05
1.927292049000E-01 9.991147788533E-01 2.838273263989E-03 0.000000000000E+00 4.351980089904E-07 4.351980089904E-07 4.351980089904E-07 1.958391040457E-07 0.000000000000E+00 0.000000000000E+00 0.000000000000E+00 -Inf 1.087315391634E-03 2.220912727720E-05
1.966536939000E-01 9.991147788533E-01 2.838253608640E-03 0.000000000000E+00 4.480990642252E-07 4.480990642252E-07 4.480990642252E-07 2.016445789013E-07 0.000000000000E+00 0.000000000000E+00 0.000000000000E+00 -Inf 1.087315049652E-03 1.667378256048E-05
2.006303966000E-01 9.991147788533E-01 2.838013530725E-03 0.000000000000E+00 4.512356246070E-07 4.512356246070E-07 4.512356246070E-07 2.030560310732E-07 0.000000000000E+00 0.000000000000E+00 0.000000000000E+00 -Inf 1.087314767113E-03 1.208979971377E-05
2.046598047000E-01 9.991147788533E-01 2.838093553743E-03 0.000000000000E+00 4.523325344244E-07 4.523325344244E-07 4.523325344244E-07 2.035496404910E-07 0.000000000000E+00 0.000000000000E+00 0.000000000000E+00 -Inf 1.087314488841E-03 8.878291671163E-06
2.087426037000E-01 9.991147788533E-01 2.838093553743E-03 0.000000000000E+00 4.556815785306E-07 4.556815785306E-07 4.556815785306E-07 2.050567103388E-07 0.000000000000E+00 0.000000000000E+00 0.000000000000E+00 -Inf 1.087314146069E-03 6.562008342612E-06
2.128794044000E-01 9.991147788533E-01 2.838093553743E-03 0.000000000000E+00 4.575726226450E-07 4.575726226450E-07 4.575726226450E-07 2.059076801903E-07 0.000000000000E+00 0.000000000000E+00 0.000000000000E+00 -Inf 1.087313778223E-03 4.691256327937E-06
2.170709074000E-01 9.991147788533E-01 2.838093553743E-03 0.000000000000E+00 4.576549001373E-07 4.576549001373E-07 4.576549001373E-07 2.059447050618E-07 0.000000000000E+00 0.000000000000E+00 0.000000000000E+00 -Inf 1.087313489179E-03 3.538336327545E-06
2.213176936000E-01 9.991147788533E-01 2.838093553743E-03 0.000000000000E+00 4.586197959457E-07 4.586197959457E-07 4.586197959457E-07 2.063789081756E-07 0.000000000000E+00 0.000000000000E+00 0.000000000000E+00 -Inf 1.087313197335E-03 2.715745761012E-06
2.256204933000E-01 9.991147788533E-01 2.838093553743E-03 0.000000000000E+00 4.575309895545E-07 4.575309895545E-07 4.575309895545E-07 2.058889452995E-07 0.000000000000E+00 0.000000000000E+00 0.000000000000E+00 -Inf 1.087312835415E-03 1.812694509280E-06
2.299800962000E-01 9.991147788533E-01 2.838093553743E-03 0.000000000000E+00 4.547442154630E-07 4.547442154630E-07 4.547442154630E-07 2.046348969584E-07 0.000000000000E+00 0.000000000000E+00 0.000000000000E+00 -Inf 1.087312432625E-03 1.406067906009E-06
2.343970984000E-01 9.991147788533E-01 2.838093553743E-03 0.000000000000E+00 4.523903107586E-07 4.523903107586E-07 4.523903107586E-07 2.035756398414E-07 0.000000000000E+00 0.000000000000E+00 0.000000000000E+00 -Inf 1.087312077992E-03 1.129721492346E-06
2.388723046000E-01 9.991147788533E-01 2.838093553743E-03 0.000000000000E+00 4.483961918528E-07 4.483961918528E-07 4.483961918528E-07 2.017782863338E-07 0.000000000000E+00 0.000000000000E+00 0.000000000000E+00 -Inf 1.087311786762E-03 8.089011304456E-07
2.434065044000E-01 9.991147788533E-01 2.838093553743E-03 0.000000000000E+00 4.437958197574E-07 4.437958197574E-07 4.437958197574E-07 1.997081188908E-07 0.000000000000E+00 0.000000000000E+00 0.000000000000E+00 -Inf 1.087311384759E-03 7.820646162592E-07
2.480003983000E-01 9.991147788533E-01 2.838093553743E-03 0.000000000000E+00 4.403007857274E-07 4.403007857274E-07 4.403007857274E-07 1.981353535773E-07 0.000000000000E+00 0.000000000000E+00 0.000000000000E+00 -Inf 1.087310937859E-03 7.404910806334E-07
2.526549101000E-01 9.991147788533E-01 2.838093553743E-03 0.000000000000E+00 4.362353311308E-07 4.362353311308E-07 4.362353311308E-07 1.963058990089E-07 0.000000000000E+00 0.000000000000E+00 0.000000000000E+00 -Inf 1.087310633449E-03 5.684951233898E-07
2.573707998000E-01 9.991147788533E-01 2.838093553743E-03 0.000000000000E+00 4.321318146664E-07 4.321318146664E-07 4.321318146664E-07 1.944593165999E-07 0.000000000000E+00 0.000000000000E+00 0.000000000000E+00 -Inf 1.087310306749E-03 5.518493542954E-07
2.621488869000E-01 9.991147788533E-01 2.838093553743E-03 0.000000000000E+00 4.281259744277E-07 4.281259744277E-07 4.281259744277E-07 1.926566884925E-07 0.000000000000E+00 0.000000000000E+00 0.000000000000E+00 -Inf 1.087309858462E-03 4.868233355194E-07
2.669900954000E-01 9.991147788533E-01 2.838093553743E-03 0.000000000000E+00 4.228768636650E-07 4.228768636650E-07 4.228768636650E-07 1.902945886493E-07 0.000000000000E+00 0.000000000000E+00 0.000000000000E+00 -Inf 1.087309432264E-03 3.463714180022E-07
2.718952894000E-01 9.991147788533E-01 2.838093553743E-03 0.000000000000E+00 4.177785191313E-07 4.177785191313E-07 4.177785191313E-07 1.880003336091E-07 0.000000000000E+00 0.000000000000E+00 0.000000000000E+00 -Inf 1.087309053119E-03 3.978894671896E-07
2.768653929000E-01 9.991147788533E-01 2.838093553743E-03 0.000000000000E+00 4.126860650375E-07 4.126860650375E-07 4.126860650375E-07 1.857087292669E-07 0.000000000000E+00 0.000000000000E+00 0.000000000000E+00 -Inf 1.087308667713E-03 3.461442694297E-07
2.819015086000E-01 9.991147788533E-01 2.838093553743E-03 0.000000000000E+00 4.065041837073E-07 4.065041837073E-07 4.065041837073E-07 1.829268826683E-07 0.000000000000E+00 0.000000000000E+00 0.000000000000E+00 -Inf 1.087308266248E-03 2.602817991988E-07
2.870042920000E-01 9.991147788533E-01 2.838093553743E-03 0.000000000000E+00 4.008503137358E-07 4.008503137358E-07 4.008503137358E-07 1.803826411811E-07 0.000000000000E+00 0.000000000000E+00 0.000000000000E+00 -Inf 1.087307849317E-03 3.273826263717E-07
2.921749949000E-01 9.991147788533E-01 2.838093553743E-03 0.000000000000E+00 3.954112221189E-07 3.954112221189E-07 3.954112221189E-07 1.779350499535E-07 0.000000000000E+00 0.000000000000E+00 0.000000000000E+00 -Inf 1.087307419155E-03 2.742528298620E-07
2.974146008000E-01 9.991147788533E-01 2.838093553743E-03 0.000000000000E+00 3.891624308760E-07 3.891624308760E-07 3.891624308760E-07 1.751230938942E-07 0.000000000000E+00 0.000000000000E+00 0.000000000000E+00 -Inf 1.087307013010E-03 2.117112547959E-07
3.027242124000E-01 9.991147788533E-01 2.838093553743E-03 0.000000000000E+00 3.834743437520E-07 3.834743437520E-07 3.834743437520E-07 1.725634546884E-07 0.000000000000E+00 0.000000000000E+00 0.000000000000E+00 -Inf 1.087306671080E-03 2.791862079832E-07
3.081046939000E-01 9.991147788533E-01 2.838093553743E-03 0.000000000000E+00 3.778446349149E-07 3.778446349149E-07 3.778446349149E-07 1.700300857117E-07 0.000000000000E+00 0.000000000000E+00 0.000000000000E+00 -Inf 1.087306308035E-03 2.213606306776E-07
3.135575056000E-01 9.991147788533E-01 2.838093553743E-03 0.000000000000E+00 3.715896932169E-07 3.715896932169E-07 3.715896932169E-07 1.672153619476E-07 0.000000000000E+00 0.000000000000E+00 0.000000000000E+00 -Inf 1.087305845312E-03 1.770820798490E-07
3.190835118000E-01 9.991147788533E-01 2.838093553743E-03 0.000000000000E+00 3.655998412525E-07 3.655998412525E-07 3.655998412525E-07 1.645199285636E-07 0.000000000000E+00 0.000000000000E+00 0.000000000000E+00 -Inf 1.087305327010E-03 2.420329656627E-07
3.246839941000E-01 9.991147788533E-01 2.838093553743E-03 0.000000000000E+00 3.589821665121E-07 3.589821665121E-07 3.589821665121E-07 1.615419749304E-07 0.000000000000E+00 0.000000000000E+00 0.000000000000E+00 -Inf 1.087304826537E-03 1.805347803054E-07
3.303602934000E-01 9.991147788533E-01 2.838093553743E-03 0.000000000000E+00 3.518490910951E-07 3.518490910951E-07 3.518490910951E-07 1.583320909928E-07 0.000000000000E+00 0.000000000000E+00 0.000000000000E+00 -Inf 1.087304417094E-03 1.514470134320E-07
3.361136019000E-01 9.991147788533E-01 2.838093553743E-03 0.000000000000E+00 3.452496122294E-07 3.452496122294E-07 3.452496122294E-07 1.553623255032E-07 0.000000000000E+00 0.000000000000E+00 0.000000000000E+00 -Inf 1.087304022662E-03 2.121261387089E-07
3.419451118000E-01 9.991147788533E-01 2.838093553743E-03 0.000000000000E+00 3.384281450978E-07 3.384281450978E-07 3.384281450978E-07 1.522926652940E-07 0.000000000000E+00 0.000000000000E+00 0.000000000000E+00 -Inf 1.087303515757E-03 1.482171038068E-07
3.478563130000E-01 9.991147788533E-01 2.838093553743E-03 0.000000000000E+00 3.318613384962E-07 3.318613384962E-07 3.318613384962E-07 1.493376023233E-07 0.000000000000E+00 0.000000000000E+00 0.000000000000E+00 -Inf 1.087302994115E-03 1.319126406476E-07
3.538484871000E-01 9.991147788533E-01 2.838093553743E-03 0.000000000000E+00 3.259027515972E-07 3.259027515972E-07 3.259027515972E-07 1.466562382187E-07 0.000000000000E+00 0.000000000000E+00 0.000000000000E+00 -Inf 1.087302550314E-03 1.874001687229E-07
3.599232137000E-01 9.991147788533E-01 2.838093553743E-03 0.000000000000E+00 3.190626191683E-07 3.190626191683E-07 3.190626191683E-07 1.435781786257E-07 0.000000000000E+00 0.000000000000E+00 0.000000000000E+00 -Inf 1.087302067987E-03 1.222632971400E-07
3.660818040000E-01 9.991147788533E-01 2.838093553743E-03 0.000000000000E+00 3.119956563432E-07 3.119956563432E-07 3.119956563432E-07 1.403980453544E-07 0.000000000000E+00 0.000000000000E+00 0.000000000000E+00 -Inf 1.087301512656E-03 1.167713866142E-07
3.723258078000E-01 9.991147788533E-01 2.838093553743E-03 0.000000000000E+00 3.058048361003E-07 3.058048361003E-07 3.058048361003E-07 1.376121762451E-07 0.000000000000E+00 0.000000000000E+00 0.000000000000E+00 -Inf 1.087301016838E-03 1.663846648079E-07
3.786568940000E-01 9.991147788533E-01 2.838093553743E-03 0.000000000000E+00 2.994923346455E-07 2.994923346455E-07 2.994923346455E-07 1.347715505905E-07 0.000000000000E+00 0.000000000000E+00 0.000000000000E+00 -Inf 1.087300589361E-03 1.011536502035E-07
3.850766122000E-01 9.991147788533E-01 2.838093553743E-03 0.000000000000E+00 2.930283424587E-07 2.930283424587E-07 2.930283424587E-07 1.318627541064E-07 0.000000000000E+00 0.000000000000E+00 0.000000000000E+00 -Inf 1.087300126532E-03 1.047665226831E-07
3.915865123000E-01 9.991147788533E-01 2.838093553743E-03 0.000000000000E+00 2.865963346194E-07 2.865963346194E-07 2.865963346194E-07 1.289683505787E-07 0.000000000000E+00 0.000000000000E+00 0.000000000000E+00 -Inf 1.087299603162E-03 1.483063952104E-07
3.981885910000E-01 9.991147788533E-01 2.838093553743E-03 0.000000000000E+00 2.796261543313E-07 2.796261543313E-07 2.796261543313E-07 1.258317694491E-07 0.000000000000E+00 0.000000000000E+00 0.000000000000E+00 -Inf 1.087299041543E-03 8.385878555593E-08
4.048843980000E-01 9.991147788533E-01 2.838093553743E-03 0.000000000000E+00 2.728796783947E-07 2.728796783947E-07 2.728796783947E-07 1.227958552776E-07 0.000000000000E+00 0.000000000000E+00 0.000000000000E+00 -Inf 1.087298485586E-03 9.502330340030E-08
4.116759896000E-01 9.991147788533E-01 2.838093553743E-03 0.000000000000E+00 2.663702410191E-07 2.663702410191E-07 2.663702410191E-07 1.198666084586E-07 0.000000000000E+00 0.000000000000E+00 0.000000000000E+00 -Inf 1.087297963096E-03 1.324140296226E-07
4.185650945000E-01 9.991147788533E-01 2.838093553743E-03 0.000000000000E+00 2.591996288943E-07 2.591996288943E-07 2.591996288943E-07 1.166398330024E-07 0.000000000000E+00 0.000000000000E+00 0.000000000000E+00 -Inf 1.087297432441E-03 6.959239853915E-08
4.255537987000E-01 9.991147788533E-01 2.838093553743E-03 0.000000000000E+00 2.521852858085E-07 2.521852858085E-07 2.521852858085E-07 1.134833786138E-07 0.000000000000E+00 0.000000000000E+00 0.000000000000E+00 -Inf 1.087296876236E-03 8.701957211249E-08
4.326440990000E-01 9.991147788533E-01 2.838093553743E-03 0.000000000000E+00 2.455130902866E-07 2.455130902866E-07 2.455130902866E-07 1.104808906290E-07 0.000000000000E+00 0.000000000000E+00 0.000000000000E+00 -Inf 1.087296345769E-03 1.183378078647E-07
4.398382008000E-01 9.991147788533E-01 2.838093553743E-03 0.000000000000E+00 2.384511132923E-07 2.384511132923E-07 2.384511132923E-07 1.073030009815E-07 0.000000000000E+00 0.000000000000E+00 0.000000000000E+00 -Inf 1.087295838898E-03 5.775873843753E-08
4.471381903000E-01 9.991147788533E-01 2.838093553743E-03 0.000000000000E+00 2.315508259230E-07 2.315508259230E-07 2.315508259230E-07 1.041978716653E-07 0.000000000000E+00 0.000000000000E+00 0.000000000000E+00 -Inf 1.087295281445E-03 8.030926909148E-08
4.545465112000E-01 9.991147788533E-01 2.838093553743E-03 0.000000000000E+00 2.247457468581E-07 2.247457468581E-07 2.247457468581E-07 1.011355860861E-07 0.000000000000E+00 0.000000000000E+00 0.000000000000E+00 -Inf 1.087294662921E-03 1.058247269453E-07
4.620653093000E-01 9.991147788533E-01 2.838093553743E-03 0.000000000000E+00 2.175215827143E-07 2.175215827143E-07 2.175215827143E-07 9.788471222144E-08 0.000000000000E+00 0.000000000000E+00 0.000000000000E+00 -Inf 1.087294027928E-03 4.795187963793E-08
4.696970880000E-01 9.991147788533E-01 2.838093553743E-03 0.000000000000E+00 2.106152076216E-07 2.106152076216E-07 2.106152076216E-07 9.477684342973E-08 0.000000000000E+00 0.000000000000E+00 0.000000000000E+00 -Inf 1.087293397911E-03 7.453360908118E-08
4.774445891000E-01 9.991147788533E-01 2.838093553743E-03 0.000000000000E+00 2.038570719275E-07 2.038570719275E-07 2.038570719275E-07 9.173568236738E-08 0.000000000000E+00 0.000000000000E+00 0.000000000000E+00 -Inf 1.087292782325E-03 9.454825476411E-08
4.853101969000E-01 9.991147788533E-01 2.838093553743E-03 0.000000000000E+00 1.964844435366E-07 1.964844435366E-07 1.964844435366E-07 8.841799959145E-08 0.000000000000E+00 0.000000000000E+00 0.000000000000E+00 -Inf 1.087292200397E-03 3.982406063129E-08
4.932968915000E-01 9.991147788533E-01 2.838093553743E-03 0.000000000000E+00 1.890486407610E-07 1.890486407610E-07 1.890486407610E-07 8.507188834246E-08 0.000000000000E+00 0.000000000000E+00 0.000000000000E+00 -Inf 1.087291654423E-03 6.955668686801E-08
5.014073253000E-01 9.991147788533E-01 2.838093553743E-03 0.000000000000E+00 1.817167491088E-07 1.817167491088E-07 1.817167491088E-07 8.177253709894E-08 0.000000000000E+00 0.000000000000E+00 0.000000000000E+00 -Inf 1.087291061590E-03 8.438953598090E-08
5.096445084000E-01 9.991147788533E-01 2.838093553743E-03 0.000000000000E+00 1.742103556771E-07 1.742103556771E-07 1.742103556771E-07 7.839466005467E-08 0.000000000000E+00 0.000000000000E+00 0.000000000000E+00 -Inf 1.087290373659E-03 3.309125050608E-08
5.180116296000E-01 9.991147788533E-01 2.838093553743E-03 0.000000000000E+00 1.670086000689E-07 1.670086000689E-07 1.670086000689E-07 7.515387003099E-08 0.000000000000E+00 0.000000000000E+00 0.000000000000E+00 -Inf 1.087289704866E-03 6.513449834207E-08
5.265117288000E-01 9.991147788533E-01 2.838093553743E-03 0.000000000000E+00 1.599595336602E-07 1.599595336602E-07 1.599595336602E-07 7.198179014709E-08 0.000000000000E+00 0.000000000000E+00 0.000000000000E+00 -Inf 1.087289105105E-03 7.523009599366E-08
5.351482034000E-01 9.991147788533E-01 2.838093553743E-03 0.000000000000E+00 1.525199086130E-07 1.525199086130E-07 1.525199086130E-07 6.863395887587E-08 0.000000000000E+00 0.000000000000E+00 0.000000000000E+00 -Inf 1.087288441025E-03 2.756419320366E-08
5.439246893000E-01 9.991147788533E-01 2.838093553743E-03 0.000000000000E+00 1.451601752323E-07 1.451601752323E-07 1.451601752323E-07 6.532207885454E-08 0.000000000000E+00 0.000000000000E+00 0.000000000000E+00 -Inf 1.087287684094E-03 6.121944550822E-08
5.528445840000E-01 9.991147788533E-01 2.838093553743E-03 0.000000000000E+00 1.380054894039E-07 1.380054894039E-07 1.380054894039E-07 6.210247023175E-08 0.000000000000E+00 0.000000000000E+00 0.000000000000E+00 -Inf 1.087286980222E-03 6.694915175338E-08
5.619118214000E-01 9.991147788533E-01 2.838093553743E-03 0.000000000000E+00 1.304622745764E-07 1.304622745764E-07 1.304622745764E-07 5.870802355936E-08 0.000000000000E+00 0.000000000000E+00 0.000000000000E+00 -Inf 1.087286352333E-03 2.303578292276E-08
5.711302757000E-01 9.991147788533E-01 2.838093553743E-03 0.000000000000E+00 1.226965660668E-07 1.226965660668E-07 1.226965660668E-07 5.521345473008E-08 0.000000000000E+00 0.000000000000E+00 0.000000000000E+00 -Inf 1.087285690115E-03 5.767344837464E-08
5.805041194000E-01 9.991147788533E-01 2.838093553743E-03 0.000000000000E+00 1.149904003568E-07 1.149904003568E-07 1.149904003568E-07 5.174568016055E-08 0.000000000000E+00 0.000000000000E+00 0.000000000000E+00 -Inf 1.087284974055E-03 5.946529702208E-08
5.900375247000E-01 9.991147788533E-01 2.838093553743E-03 0.000000000000E+00 1.070704687351E-07 1.070704687351E-07 1.070704687351E-07 4.818171093081E-08 0.000000000000E+00 0.000000000000E+00 0.000000000000E+00 -Inf 1.087284250294E-03 1.936787687257E-08
5.997352004000E-01 9.991147788533E-01 2.838093553743E-03 0.000000000000E+00 9.898302667478E-08 9.898302667478E-08 9.898302667478E-08 4.454236200365E-08 0.000000000000E+00 0.000000000000E+00 0.000000000000E+00 -Inf 1.087283515422E-03 5.441877794934E-08
6.096016765000E-01 9.991147788533E-01 2.838093553743E-03 0.000000000000E+00 9.095562013983E-08 9.095562013983E-08 9.095562013983E-08 4.093002906292E-08 0.000000000000E+00 0.000000000000E+00 0.000000000000E+00 -Inf 1.087282743519E-03 5.270457727876E-08
6.196420193000E-01 9.991147788533E-01 2.838093553743E-03 0.000000000000E+00 8.282707355585E-08 8.282707355585E-08 8.282707355585E-08 3.727218310013E-08 0.000000000000E+00 0.000000000000E+00 0.000000000000E+00 -Inf 1.087281933919E-03 1.644530615822E-08
6.298611760000E-01 9.991147788533E-01 2.838093553743E-03 0.000000000000E+00 7.453293263138E-08 7.453293263138E-08 7.453293263138E-08 3.353981968412E-08 0.000000000000E+00 0.000000000000E+00 0.000000000000E+00 -Inf 1.087281103376E-03 5.143431826986E-08
6.402648091000E-01 9.991147788533E-01 2.838093553743E-03 0.000000000000E+00 6.617061044601E-08 6.617061044601E-08 6.617061044601E-08 2.977677470070E-08 0.000000000000E+00 0.000000000000E+00 0.000000000000E+00 -Inf 1.087280299022E-03 4.663697092605E-08
6.508585215000E-01 9.991147788533E-01 2.838093553743E-03 0.000000000000E+00 5.770245298675E-08 5.770245298675E-08 5.770245298675E-08 2.596610384404E-08 0.000000000000E+00 0.000000000000E+00 0.000000000000E+00 -Inf 1.087279544348E-03 1.415711369165E-08
6.616482139000E-01 9.991147788533E-01 2.838093553743E-03 0.000000000000E+00 4.925385871126E-08 4.925385871126E-08 4.925385871126E-08 2.216423642007E-08 0.000000000000E+00 0.000000000000E+00 0.000000000000E+00 -Inf 1.087278778521E-03 4.865168744150E-08
6.726402044000E-01 9.991147788533E-01 2.838093553743E-03 0.000000000000E+00 4.080363097621E-08 4.080363097621E-08 4.080363097621E-08 1.836163393929E-08 0.000000000000E+00 0.000000000000E+00 0.000000000000E+00 -Inf 1.087277959645E-03 4.118521876170E-08
6.838409901000E-01 9.991147788533E-01 2.838093553743E-03 0.000000000000E+00 3.206612504345E-08 3.206612504345E-08 3.206612504345E-08 1.442975626955E-08 0.000000000000E+00 0.000000000000E+00 0.000000000000E+00 -Inf 1.087277105543E-03 1.241963846743E-08
6.952577233000E-01 9.991147788533E-01 2.838093553743E-03 0.000000000000E+00 2.309179213092E-08 2.309179213092E-08 2.309179213092E-08 1.039130645891E-08 0.000000000000E+00 0.000000000000E+00 0.000000000000E+00 -Inf 1.087276220403E-03 4.604429407771E-08
7.068973780000E-01 9.991147788533E-01 2.838093553743E-03 0.000000000000E+00 1.424754517689E-08 1.424754517689E-08 1.424754517689E-08 6.411395329601E-09 0.000000000000E+00 0.000000000000E+00 0.000000000000E+00 -Inf 1.087275287835E-03 3.631843654300E-08
7.187680006000E-01 9.991147788533E-01 2.838093553743E-03 0.000000000000E+00 5.210749460646E-09 5.210749460646E-09 5.210749460646E-09 2.344837257291E-09 0.000000000000E+00 0.000000000000E+00 0.000000000000E+00 -Inf 1.087274337156E-03 1.112242865292E-08
7.308775187000E-01 9.991147788533E-01 2.838093553743E-03 0.000000000000E+00 4.234098571826E-09 4.234098571826E-09 4.234098571826E-09 -1.905344357322E-09 0.000000000000E+00 0.000000000000E+00 0.000000000000E+00 Inf 1.087273427778E-03 4.356574298514E-08
7.432345152000E-01 9.991147788533E-01 2.838093553743E-03 0.000000000000E+00 1.408940626748E-08 1.408940626748E-08 1.408940626748E-08 -6.340232820367E-09 0.000000000000E+00 0.000000000000E+00 0.000000000000E+00 Inf 1.087272548225E-03 3.196436870717E-08
7.558481097000E-01 9.991147788533E-01 2.838093553743E-03 0.000000000000E+00 2.435542270793E-08 2.435542270793E-08 2.435542270793E-08 -1.095994021857E-08 0.000000000000E+00 0.000000000000E+00 0.000000000000E+00 Inf 1.087271650223E-03 1.020250384367E-08
7.687278986000E-01 9.991147788533E-01 2.838093553743E-03 0.000000000000E+00 3.503103285342E-08 3.503103285342E-08 3.503103285342E-08 -1.576396478404E-08 0.000000000000E+00 0.000000000000E+00 0.000000000000E+00 Inf 1.087270689327E-03 4.119277984399E-08
7.818841934000E-01 9.991147788533E-01 2.838093553743E-03 0.000000000000E+00 4.611365130847E-08 4.611365130847E-08 4.611365130847E-08 -2.075114308881E-08 0.000000000000E+00 0.000000000000E+00 0.000000000000E+00 Inf 1.087269659967E-03 2.809304829389E-08
7.953277230000E-01 9.991147788533E-01 2.838093553743E-03 0.000000000000E+00 5.759906022353E-08 5.759906022353E-08 5.759906022353E-08 -2.591957710059E-08 0.000000000000E+00 0.000000000000E+00 0.000000000000E+00 Inf 1.087268661378E-03 9.585356733722E-09
8.090698123000E-01 9.991147788533E-01 2.838093553743E-03 0.000000000000E+00 6.948101498326E-08 6.948101498326E-08 6.948101498326E-08 -3.126645674247E-08 0.000000000000E+00 0.000000000000E+00 0.000000000000E+00 Inf 1.087267713453E-03 3.889319613834E-08
8.231229186000E-01 9.991147788533E-01 2.838093553743E-03 0.000000000000E+00 8.175131573631E-08 8.175131573631E-08 8.175131573631E-08 -3.678809208134E-08 0.000000000000E+00 0.000000000000E+00 0.000000000000E+00 Inf 1.087266685868E-03 2.465880098155E-08
8.374999166000E-01 9.991147788533E-01 2.838093553743E-03 0.000000000000E+00 9.439903307729E-08 9.439903307729E-08 9.439903307729E-08 -4.247956488478E-08 0.000000000000E+00 0.000000000000E+00 0.000000000000E+00 Inf 1.087265568388E-03 9.208776401704E-09
8.522146940000E-01 9.991147788533E-01 2.838093553743E-03 0.000000000000E+00 1.074104118001E-07 1.074104118001E-07 1.074104118001E-07 -4.833468531003E-08 0.000000000000E+00 0.000000000000E+00 0.000000000000E+00 Inf 1.087264458905E-03 3.665583447526E-08
8.672820926000E-01 9.991147788533E-01 2.838093553743E-03 0.000000000000E+00 1.207683968770E-07 1.207683968770E-07 1.207683968770E-07 -5.434577859465E-08 0.000000000000E+00 0.000000000000E+00 0.000000000000E+00 Inf 1.087263358100E-03 2.162605279168E-08
8.827180266000E-01 9.991147788533E-01 2.838093553743E-03 0.000000000000E+00 1.344521057678E-07 1.344521057678E-07 1.344521057678E-07 -6.050344759549E-08 0.000000000000E+00 0.000000000000E+00 0.000000000000E+00 Inf 1.087262223469E-03 9.013274446406E-09
8.985391855000E-01 9.991147788533E-01 2.838093553743E-03 0.000000000000E+00 1.484357543698E-07 1.484357543698E-07 1.484357543698E-07 -6.679608946640E-08 0.000000000000E+00 0.000000000000E+00 0.000000000000E+00 Inf 1.087261030595E-03 3.445924681798E-08
9.147639871000E-01 9.991147788533E-01 2.838093553743E-03 0.000000000000E+00 1.626889225962E-07 1.626889225962E-07 1.626889225962E-07 -7.321001516830E-08 0.000000000000E+00 0.000000000000E+00 0.000000000000E+00 Inf 1.087259798501E-03 1.895760170292E-08
9.314119816000E-01 9.991147788533E-01 2.838093553743E-03 0.000000000000E+00 1.771751836302E-07 1.771751836302E-07 1.771751836302E-07 -7.972883263357E-08 0.000000000000E+00 0.000000000000E+00 0.000000000000E+00 Inf 1.087258602830E-03 8.947535084952E-09
9.485042095000E-01 9.991147788533E-01 2.838093553743E-03 0.000000000000E+00 1.918509311669E-07 1.918509311669E-07 1.918509311669E-07 -8.633291902511E-08 0.000000000000E+00 0.000000000000E+00 0.000000000000E+00 Inf 1.087257387754E-03 3.229945619758E-08
9.660633206000E-01 9.991147788533E-01 2.838093553743E-03 0.000000000000E+00 2.066645106977E-07 2.066645106977E-07 2.066645106977E-07 -9.299902981399E-08 0.000000000000E+00 0.000000000000E+00 0.000000000000E+00 Inf 1.087256041859E-03 1.663406813509E-08
9.841138721000E-01 9.991147788533E-01 2.838093553743E-03 0.000000000000E+00 2.215550729446E-07 2.215550729446E-07 2.215550729446E-07 -9.969978282509E-08 0.000000000000E+00 0.000000000000E+00 0.000000000000E+00 Inf 1.087254706525E-03 8.997577187202E-09
1.002681971000E+00 9.991147788533E-01 2.838093553743E-03 0.000000000000E+00 2.364504871851E-07 2.364504871851E-07 2.364504871851E-07 -1.064027192333E-07 0.000000000000E+00 0.000000000000E+00 0.000000000000E+00 Inf 1.087253456138E-03 3.016468762746E-08
