510 7
5.235111633363958E-01 6.835806560233085E-01 5.085799333171893E-01 9.293046644173316E-01 -8.520184178061596E-01 4.194397837735149E-01 3.132648775511158E-01
7.295182967224327E-02 -6.300442772473570E-01 7.731249829460483E-01 9.238430871512343E-01 4.496034590721042E-01 7.127282315550337E-01 5.384005920639694E-01
9.685707989669561E-01 -1.886013683924178E-01 -1.621731519981648E-01 8.669199738947448E-01 2.487333672967050E-01 7.383804319255900E-01 6.268381367965910E-01
-8.614456902644478E-01 -4.767349679302436E-01 -1.750288349882919E-01 4.320268588685827E+00 5.075442565700029E-01 -7.962290166621989E-01 -3.292691613983169E-01
-1.840292096851644E-01 -5.816049922517896E-01 7.923817785451968E-01 1.079492607600402E+00 -6.026703966624728E-01 7.036027766306328E-01 3.764724766890158E-01
7.742381542053982E-01 5.900173099831675E-01 -2.289865814689692E-01 4.574666416301042E+00 5.812147393758103E-01 -8.060450088359482E-01 -1.117178162289486E-01
2.459297761517107E-02 6.378138301804963E-02 9.976608244450238E-01 1.639930833954775E+00 2.102479764311849E-01 9.753126470256257E-01 -6.753539041465015E-02
-2.757518967798926E-01 -5.686143231379204E-02 -9.595455533415366E-01 3.897938125188386E+00 9.365809084700991E-01 -2.405035699498253E-01 -2.549004408209474E-01
1.279117133240252E-01 6.244520259556716E-01 -7.705181768617595E-01 4.050914108554178E-01 9.637531433064010E-01 1.051448763211414E-01 2.452028420521334E-01
7.084076425341763E-01 4.123730553223061E-01 5.728063156454518E-01 6.184182280633475E+00 -5.985052230890442E-01 -7.918369354937625E-02 7.971959863239477E-01
-9.990191544682335E-01 -1.707141975320372E-02 -4.085701449182978E-02 4.313017697978528E-01 -4.425224859585507E-02 4.176441832030072E-01 9.075324097413290E-01
9.150431203108296E-01 3.938594757763639E-01 8.701035175764094E-02 1.925099210500742E-01 -1.730328937860055E-01 1.884371425177902E-01 9.667218115816829E-01
-3.445318045393845E-01 4.895494705503141E-01 -8.010238145927637E-01 4.182399175090082E+00 -5.058958543225209E-02 -8.617074165775792E-01 -5.048772346432222E-01
-2.275176375427327E-01 2.941598868875950E-01 -9.282810380231036E-01 1.402140413646844E+00 5.079573326174880E-01 8.491603133251360E-01 1.445894550570116E-01
8.183901981014280E-01 -4.069473244689338E-01 -4.057479004986738E-01 6.281579579712807E+00 4.436170467873956E-01 -1.439078743066899E-03 8.962152893429127E-01
6.561850821971399E-01 4.012638098287691E-01 -6.390684570714115E-01 4.307557962665147E+00 1.757144994288558E-01 -9.048677713774100E-01 -3.877353878780551E-01
4.869541176996851E-02 -3.834126236104551E-01 9.222925332716843E-01 4.471272204803181E+00 -9.523754930061432E-01 -2.961067524649751E-01 -7.281285234044575E-02
3.955213362495442E-01 -8.391129830725585E-01 3.734330920130769E-01 6.269062675136139E+00 -6.977403836498420E-01 -1.011642136958947E-02 7.162792856441154E-01
8.882310951516857E-01 -4.107356830566830E-01 -2.057710384616773E-01 7.764654521971827E-01 4.395184279037626E-01 6.294482007058206E-01 6.407952201454142E-01
-3.081840860590729E-01 -9.513138882016339E-01 -4.945221392744427E-03 6.483002592349325E-02 -2.111235562157842E-01 6.332433734886946E-02 9.754060038312903E-01
7.411242891295360E-01 -6.592336930246208E-01 -1.270658335012202E-01 5.959148206543368E+00 -1.198180351380448E-01 -3.161023782981254E-01 9.411285379213230E-01
1.567995459811838E-01 8.143401186418920E-01 5.588059355003342E-01 5.651120878074073E+00 1.895591985572271E-01 -5.800997850318246E-01 7.921815130690520E-01
9.444215727410967E-01 8.918097238199844E-02 -3.164089870819640E-01 5.384002790256049E+00 2.717647769497131E-01 -7.533561067652812E-01 5.988309297363748E-01
-9.988683102295846E-02 -2.888320005615870E-01 -9.521547649619689E-01 4.953853026471671E+00 4.671126166939555E-01 -8.585463020689625E-01 2.114333240741288E-01
6.176789458219099E-01 -4.289327465695131E-01 6.591581136636854E-01 1.631583587812621E+00 6.040590536229974E-01 7.954676295865908E-01 -4.841394443731221E-02
7.761522482379913E-03 7.607872870638195E-01 -6.489549002903274E-01 3.823897420324367E+00 -9.512097819953214E-01 -1.945633107960968E-01 -2.394683042251617E-01
-4.315061803882105E-01 -9.018248535935612E-01 2.267927970040015E-02 1.623434222839045E-01 -2.749158546193427E-01 1.554033287318989E-01 9.488261581016628E-01
-1.146557691274856E-01 8.669409725882509E-01 4.850437141676224E-01 1.559583105661806E+00 9.914724954978288E-01 1.303079255837028E-01 1.461232828827932E-03
-7.959269500698014E-01 1.324293031083852E-01 -5.907307083864960E-01 3.853902458179248E+00 4.126249910500573E-01 -5.953500390382099E-01 -6.894192830042847E-01
2.511412661862392E-01 9.288949830943867E-01 2.721804085536859E-01 2.447046666012139E+00 -8.378150701769531E-01 3.494306597650185E-01 -4.194807769142359E-01
-6.837711627599230E-01 4.958135738025131E-01 5.353745390015505E-01 2.544784094907812E+00 -2.334685527605562E-01 5.464742039706546E-01 -8.042750644316474E-01
-3.689649009526917E-01 8.788734815537167E-01 3.024009015969019E-01 3.647307001614092E-01 8.502575858117731E-01 1.877538486184413E-01 4.917423411691317E-01
-9.845848443724258E-01 1.445179272585642E-01 9.852539232611250E-02 2.423140485984404E+00 2.127542000945442E-02 6.580712268914944E-01 -7.526550450511472E-01
8.414622033657243E-01 -4.549423156568336E-01 2.914941675774980E-01 5.582908909901036E-01 -7.408626746682422E-03 5.297228332246781E-01 8.481384510857578E-01
2.051022671740417E-01 5.802160542951416E-01 7.882146854368074E-01 1.902502629967340E+00 -8.182135433281920E-01 5.435747203485725E-01 -1.872247871204460E-01
5.888021969272498E-01 -7.765931928075803E-01 -2.240870049301669E-01 2.711471716658708E+00 1.999353568715724E-01 4.085615066279921E-01 -8.905635004728760E-01
-4.600020755883610E-01 -1.767985332956843E-01 8.701381321829855E-01 1.511553152990085E+00 -2.621676320592752E-01 9.633293481943581E-01 5.713754989379378E-02
-3.257784931285211E-01 -8.301740972138679E-01 4.524150105047902E-01 3.494043720295791E+00 -3.901193178576491E-01 -3.178471409313939E-01 -8.641644015093547E-01
9.298128043846015E-01 3.351673057754040E-01 1.520231098935282E-01 2.396180721113485E+00 -1.234052254485644E-01 6.730900746938691E-01 -7.291919511902134E-01
-7.576376178235635E-01 4.443140625086051E-03 6.526603240277606E-01 7.154321056296243E-01 5.473812600643032E-01 5.489483128363671E-01 6.316878231884177E-01
3.748065855919131E-02 1.971564435575011E-01 -9.796553154031918E-01 4.518106126318274E+00 1.142944826254124E-01 -9.747565775905650E-01 -1.917977728893590E-01
4.125570236275565E-01 -1.784537614207667E-01 -8.932810069011609E-01 5.691437629967369E+00 8.412147792074622E-01 -3.016097802065434E-01 4.487641203646980E-01
2.901400854988702E-01 5.459039876329699E-01 -7.860073581545725E-01 3.358218035555856E+00 -9.132287174320002E-01 -8.757473039703725E-02 -3.979245861383663E-01
6.376929864717070E-01 5.982670574323389E-02 -7.679638144370524E-01 1.365358234533080E+00 1.520364809271852E-01 9.675910482758350E-01 2.016245812487860E-01
-8.561552297765601E-02 -4.752610152879442E-01 -8.756694293925847E-01 5.301814209301806E+00 -7.309569100474945E-01 -5.672716772374509E-01 3.793479140024739E-01
-1.701575418064569E-01 -9.615975048592109E-01 2.153523847439904E-01 3.189610520563915E+00 -7.045802381979271E-01 -3.406155372150817E-02 -7.088063899959064E-01
-8.743791829979704E-01 -2.360400993597378E-01 -4.239647577736233E-01 1.906483655525922E+00 -9.472942537307109E-02 9.399381716817629E-01 -3.279368374916619E-01
-4.801483184171209E-01 8.601394119532095E-01 -1.720981822274659E-01 2.355924645655601E+00 8.354889893827532E-01 3.886650949890766E-01 -3.884553932658392E-01
1.412392140992315E-01 4.286061202778143E-01 -8.923834815039056E-01 3.879857574411413E+00 -9.347530192778497E-01 -2.391176597843070E-01 -2.627918144277337E-01
7.239857228120558E-01 3.029790869403491E-01 -6.197163432096152E-01 4.467243856190898E+00 1.944484925012751E-01 -9.515855129333778E-01 -2.380646873001158E-01
-6.105492828051574E-02 -8.861499151322797E-01 -4.593589268140053E-01 5.936151137744700E+00 -9.058774923118688E-01 -1.440502440075546E-01 3.982907180993856E-01
3.820710023713532E-01 8.583630462822394E-01 -3.423954291809744E-01 1.193832611627177E+00 -8.693346874241427E-01 4.595226880450066E-01 1.819233366367815E-01
2.391024934037074E-01 -7.031247155014411E-01 -6.696608336308372E-01 3.038911553654796E+00 -9.276790424304477E-01 3.827159245623445E-02 -3.714120076763693E-01
-5.691263431798319E-01 2.735964430225942E-01 7.753967963979066E-01 1.022209522504837E+00 7.461366061459596E-01 5.680959877839385E-01 3.471989539626819E-01
1.545607820458738E-02 -3.781181471372998E-01 -9.256283144178277E-01 1.989555839914420E+00 -8.945846913859883E-01 4.082837744026760E-01 -1.817211861543418E-01
-9.575608279482729E-01 -9.096454393959988E-02 2.735008455651986E-01 7.537260776255560E-01 1.418008069994618E-01 6.774450352942771E-01 7.217761116090204E-01
-9.015719510911446E-01 -3.093120038133752E-01 3.024799188419971E-01 4.068457104436621E+00 7.276523217943143E-02 -7.976214283202747E-01 -5.987531027645685E-01
-6.689217317455315E-01 6.500227781053627E-01 -3.605746867748011E-01 3.517539871494811E+00 1.431229567920206E-01 -3.633738790587834E-01 -9.205841858607403E-01
8.073403279660546E-01 5.737242426350295E-01 -1.379930732048720E-01 5.801665153342774E+00 4.331719684815915E-01 -4.174216040884936E-01 7.988249183406663E-01
6.040155573299393E-01 6.594033025668185E-01 -4.476075190022789E-01 4.536545233849637E+00 6.869234504520408E-01 -7.155230874290608E-01 -1.271333338469787E-01
-4.456919185365885E-01 -4.671436453652019E-01 -7.636331110854776E-01 4.956849228275449E+00 5.159298801785708E-01 -8.311615597774855E-01 2.073326319882689E-01
-9.928605352888914E-01 -1.678351347331153E-02 1.180943315377459E-01 3.772796590472347E+00 -8.573292406236832E-02 -5.879444249211254E-01 -8.043452112966690E-01
2.643651914369394E-01 -9.315636053528503E-01 -2.496002699087271E-01 2.597027672252170E+00 7.133501941171032E-01 3.630506825812368E-01 -5.994378219885605E-01
6.973777945393150E-01 -3.978095448372040E-01 -5.961642204291511E-01 6.051015552792528E+00 5.738346979422067E-01 -1.884367453762558E-01 7.969976991369427E-01
3.548913510852835E-01 -2.692063391004176E-02 -9.345198812196259E-01 4.442935067694797E+00 -6.121294460158315E-01 -7.622242032382492E-01 -2.105036943100222E-01
8.301259536932688E-01 -4.553954805462994E-01 3.217232619858971E-01 4.215099237263819E+00 -2.849348487048474E-01 -8.424464441324622E-01 -4.572702928926348E-01
1.939197040971300E-01 8.570182350321814E-01 -4.774043288295639E-01 3.434863500284864E-01 6.385387966873579E-01 2.591761106503815E-01 7.246350452422254E-01
-7.844885488216342E-01 8.605879046626297E-03 6.200835876021565E-01 2.003783202501335E+00 -3.062383361279846E-01 8.641051990257723E-01 -3.994249447670915E-01
-5.537621451228761E-01 -1.857313241333275E-01 -8.116965947104814E-01 5.158838554523531E+00 -3.136779453596776E-01 -8.564620063039498E-01 4.099743630432813E-01
2.181038577806577E-01 -7.866548204989443E-01 5.775854054656926E-01 4.341271248888631E-01 -6.629347562691073E-01 3.149075866401674E-01 6.792280329954623E-01
-9.757121403029212E-01 3.200918732126302E-02 2.167054018535878E-01 1.860359520627202E+00 -3.196038776243845E-02 9.578790940287133E-01 -2.853877622407903E-01
-8.523205109905515E-01 -4.718884173168627E-01 2.255461552476380E-01 9.247387129674649E-01 -2.720865861159748E-01 7.683396712382022E-01 5.793298190645166E-01
4.952294967332719E-01 6.295248589354442E-01 5.987037644341475E-01 5.753771347109015E+00 -3.725597718820619E-01 -4.686697671856623E-01 8.009668318359525E-01
-1.073578763701676E-01 2.509679026418641E-01 9.620235954615830E-01 1.702576194293757E+00 7.517462849871311E-01 6.537347198455440E-01 -8.665124971121398E-02
3.156832826200484E-01 9.387482046936154E-01 1.381878187784460E-01 5.997876731367415E+00 3.848091328450775E-01 -2.597805639283001E-01 8.856839108192684E-01
2.763605835671473E-03 4.406236969956158E-01 8.976876517635188E-01 2.032741316774934E+00 8.982892689692453E-01 3.933494165436792E-01 -1.958382642882793E-01
6.274438321747898E-01 -7.682179341470387E-01 1.271040641390759E-01 1.238643015760451E-01 -4.969377585891099E-02 1.233951727054631E-01 9.911125869415004E-01
-9.216096047651088E-01 -3.396229343558537E-01 -1.878616481994647E-01 2.020345645499336E+00 -2.364178988501735E-01 8.751111344921247E-01 -4.222405468345921E-01
1.492855737883205E-01 -3.027830271355064E-01 -9.412949887985972E-01 2.537397480046208E+00 -9.706608427757384E-01 1.366011921222953E-01 -1.978829012640080E-01
-4.225517083537504E-01 -8.129077260585957E-01 -4.007880770202252E-01 2.601555363536916E+00 -1.729973649799121E-01 5.064154982056588E-01 -8.447575124774691E-01
-7.487928207349511E-01 1.146164334132209E-01 6.528187993673497E-01 3.918183717941363E+00 -5.891682759442277E-01 -5.662955794213393E-01 -5.763593144460805E-01
-3.015546612682044E-02 3.334804105281566E-01 -9.422746222076906E-01 4.349550371265302E+00 6.009476595715308E-01 -7.472491775406489E-01 -2.836909887894278E-01
3.352400322608735E-01 -9.415881204355921E-01 3.203017677592995E-02 3.453540519622076E+00 -6.106370505473581E-01 -2.430477160380022E-01 -7.536910509137904E-01
6.470583953952794E-01 7.211917544116347E-01 -2.473820654719226E-01 6.577795847965257E-01 -3.542834237618296E-01 5.717071767938339E-01 7.400230804846697E-01
-4.705375632585063E-01 -6.236066294998197E-01 -6.242669086269285E-01 2.066346428361459E+00 -4.717392499332598E-01 7.756714104507766E-01 -4.192802679374601E-01
-7.822761838866990E-02 -9.648340687563493E-01 -2.509495158160402E-01 2.761652480451028E+00 -8.472447767452932E-01 1.970044342913440E-01 -4.933209311871592E-01
-2.983086689504748E-01 8.809618311201510E-01 3.673121154255963E-01 3.350046809948312E+00 -8.759507097354540E-01 -9.983173096367767E-02 -4.719576036115431E-01
-7.155111705027172E-01 3.884301628999812E-01 -5.806597742528112E-01 3.448173974799503E+00 5.206667163272007E-01 -2.576657450066631E-01 -8.139499581419066E-01
-5.786995358114881E-01 5.989749028968209E-01 5.534762081167646E-01 2.825802881932554E+00 -5.066593498002331E-01 2.677544479329223E-01 -8.195144043103458E-01
7.669547416297861E-01 -1.150917663360087E-01 -6.312957386306720E-01 5.775268511004529E+00 5.427572077562124E-01 -4.084871180190291E-01 7.338616271758508E-01
8.821159118582660E-01 -4.603493120022737E-01 9.974983200734264E-02 2.375586234568164E+00 4.052552647446354E-01 6.337832004399239E-01 -6.588528099939188E-01
4.023075262360172E-01 -6.427168258413620E-01 -6.519691220558382E-01 5.046657943771371E+00 -6.990069177068210E-01 -6.755335818248648E-01 2.346139570121059E-01
-1.766584663693929E-01 6.905286363827786E-01 -7.014000203844838E-01 8.661192280822170E-01 3.760759520469826E-01 7.058946170370783E-01 6.002330113631139E-01
5.468884078477996E-02 -6.276014630958454E-01 -7.766115722892437E-01 2.193991936775349E+00 7.177113478511943E-01 5.654408934670793E-01 -4.064074521471931E-01
1.222630778894133E-01 -7.742018544471202E-01 6.210178969688775E-01 3.593777750522193E+00 8.743958854144307E-01 -2.120051959601141E-01 -4.364465974849929E-01
-5.428185696108857E-01 -7.875152484715331E-01 -2.918351142518865E-01 1.687561760178568E+00 -8.094011556551727E-01 5.832573085017337E-01 -6.841550484637383E-02
-2.814076497346477E-01 6.915666643149218E-01 -6.652407710589858E-01 4.301434790564033E-01 -7.470688365007130E-01 2.772001752384232E-01 6.041922015197303E-01
9.377132437678739E-01 3.289845445312676E-01 1.116379949743193E-01 3.799003892163251E+00 2.949006063565023E-01 -5.838941663365752E-01 -7.563737402162262E-01
9.639226644204171E-01 -1.264720027052710E-02 -2.658818258963204E-01 1.019675248832849E+00 1.537652248215279E-01 8.418062646537404E-01 5.174151799331961E-01
-6.763590675927351E-01 -7.355075553686650E-01 -3.958595307298118E-02 2.445017299759725E+00 -5.466410290080718E-01 5.372501815547907E-01 -6.422973048552679E-01
8.667793778282976E-01 -4.468165747011409E-01 -2.214688663084026E-01 3.849860066112183E+00 -4.678740392398853E-01 -5.749254238767816E-01 -6.712336704795561E-01
-7.333980445178842E-01 6.784975744841977E-01 -4.205175045589010E-02 3.469214849260650E+00 -2.365096322010628E-01 -3.126630791152548E-01 -9.199483642217566E-01
-3.625468881212948E-01 -7.156345333464664E-01 -5.970150488853281E-01 5.580031222860887E+00 2.024582726770996E-02 -6.464943179085796E-01 7.626501185931636E-01
-5.053171717867715E-01 -5.275209007280121E-01 -6.829174585500984E-01 2.447453332739566E+00 3.477566801450528E-01 5.997956552372857E-01 -7.206319888632244E-01
9.347095829077626E-02 5.551853851255787E-01 -8.264577231166557E-01 1.263396332106479E+00 -9.482326732866992E-01 3.026895724381332E-01 9.609276793172371E-02
-2.328438785198299E-01 3.614104014256134E-01 9.028655769145371E-01 2.768860856673789E+00 -9.501106052584334E-01 1.135866216318560E-01 -2.904959847600566E-01
-5.964860829027706E-01 7.878557751751568E-01 -1.532567467567479E-01 2.519278826964409E+00 6.994541434840449E-01 4.165974936318603E-01 -5.806982258132475E-01
4.385029671548364E-01 7.675475505568842E-01 4.675317159621704E-01 3.195486912000104E+00 7.571150669830919E-01 -3.519108260563801E-02 -6.523330154547072E-01
9.085664119728168E-01 -3.871061467899214E-03 4.177225034852126E-01 4.789166102750130E+00 -3.948164742525451E-02 -9.962766770130740E-01 7.664190992123700E-02
-8.231290908839358E-01 -9.491810781259491E-02 -5.598652092690364E-01 2.290547740204584E+00 3.400944741703100E-01 7.071456692220873E-01 -6.199038241044060E-01
-9.886693119140750E-01 1.013598301619090E-01 1.107211655867946E-01 3.217794077642163E+00 -1.186262481091396E-01 -7.559016014701307E-02 -9.900575442611897E-01
-4.253343525859710E-02 3.453578927972454E-01 9.375067107854476E-01 1.935072748823020E+00 -2.570309277652189E-01 9.029895381955229E-01 -3.443036393673281E-01
-2.566909068215733E-01 9.394170938932722E-01 -2.271680040327797E-01 3.475836123732991E+00 -3.425242914059873E-01 -3.082102414237263E-01 -8.875153840234852E-01
-1.625705919470962E-01 9.500432644663547E-01 2.664368560767879E-01 2.859441694284700E+00 5.289676954306106E-02 2.780324037974723E-01 -9.591141299191184E-01
9.502911955083926E-01 2.664082919314604E-01 1.611622341908671E-01 1.797075363383706E+00 -2.289052317699334E-01 9.486335073822433E-01 -2.183961161285071E-01
-3.888814910999274E-01 6.584018901320018E-01 -6.444207763181635E-01 5.941879006661135E+00 -9.050674629873234E-01 -1.423450001279155E-01 4.007378050300143E-01
-2.114182352165664E-01 9.458824132765586E-01 2.461885254678335E-01 2.477090539214873E+00 8.788711915256195E-01 2.941867571872286E-01 -3.755523673231210E-01
6.118225423657748E-01 1.176839938692581E-02 -7.909075049770039E-01 2.885296152458766E+00 -7.821698269478247E-01 1.579469107418875E-01 -6.027131450362637E-01
-2.019772010346063E-02 -6.269501549602361E-01 -7.787975059654201E-01 5.358307462803181E+00 8.446287616863067E-01 -4.275042281164375E-01 3.222458531538072E-01
8.008360253209250E-01 -4.751547804985892E-01 -3.645402517110011E-01 4.944822934642460E+00 -4.272223110368316E-01 -8.798328665807039E-01 2.082671933760330E-01
6.908415871288501E-01 -2.084368507179938E-01 6.923091655872080E-01 4.366044517515936E+00 5.629476189380338E-02 -9.391282672260902E-01 -3.389232914395841E-01
-4.877655587887032E-01 5.588225632985897E-01 6.706728728731600E-01 5.509771433270491E+00 1.804828752669461E-01 -6.871100083061695E-01 7.037796304390115E-01
8.937435630683531E-01 3.116100543456229E-01 -3.226788147750063E-01 3.579594508817660E+00 -1.762791947498545E-01 -4.174889912826096E-01 -8.914194229744896E-01
-1.343541639845761E-01 -8.215172048490013E-01 5.541285417275393E-01 3.871947340495447E+00 7.095062544429560E-01 -4.701286818119985E-01 -5.249570434274028E-01
-5.623214723570876E-01 -1.422879579782083E-01 -8.145849855850209E-01 4.414671776088799E+00 5.547992951546451E-01 -7.953840788973632E-01 -2.440530867096383E-01
4.530252528004475E-01 -6.205432013739868E-01 6.400736329154751E-01 1.283322427999263E+00 6.742389550191102E-01 7.082070083453184E-01 2.093911766653799E-01
6.613015717865637E-01 1.777783012016110E-02 -7.499094478060927E-01 2.529722464891939E+00 -6.863364792371262E-01 4.177515467722700E-01 -5.953367806861608E-01
-6.846773832074901E-02 7.485058991524287E-01 -6.595840262947972E-01 6.991548255972562E-01 -3.199284736981386E-01 6.097460317254926E-01 7.251589815428021E-01
8.461242353016790E-01 4.756165603050848E-01 -2.405465983935515E-01 2.844868207271455E+00 -3.998370146123248E-01 2.680000783430281E-01 -8.765308435839748E-01
7.788938576309618E-01 -8.485749467025186E-02 6.213884164860553E-01 5.242355694287170E-01 -5.367250800610672E-01 4.223438221892487E-01 7.304463596267814E-01
-3.484921437635852E-01 -9.046483747270407E-01 -2.452846180231936E-01 6.132002499339337E-02 -6.527371335279053E-01 4.642599133540930E-02 7.561606058518904E-01
2.704029254802197E-01 -6.899359116845633E-01 6.714690578572698E-01 8.846606232369931E-01 3.720759736971913E-01 7.181501203422037E-01 5.880645155506031E-01
1.890452074898933E-01 9.818697697103481E-01 1.391635203819189E-02 3.379396948016239E+00 7.914980825706595E-01 -1.439732672513314E-01 -5.939717868753921E-01
3.747806871205824E-01 -5.917414808268817E-01 7.137096443444164E-01 1.021997279497239E+00 3.333876789273569E-01 8.043426763568255E-01 4.918185788790096E-01
7.037299406955222E-01 -3.640670480157359E-01 6.100978242198418E-01 1.750978727430685E+00 5.533514400568564E-01 8.194633121958438E-01 -1.492717781498582E-01
1.073616350282789E-02 -1.469463186687898E-01 9.890862016138589E-01 1.407791051163498E+00 -8.223130566500291E-01 5.614922412757591E-01 9.234554591322063E-02
-3.039893932942502E-01 2.275194092397745E-01 -9.251083002458563E-01 2.568106133324028E+00 9.474749408778349E-01 1.735282721624423E-01 -2.686618230580233E-01
5.360034978188596E-01 -1.958583863034459E-01 -8.211819182377057E-01 4.764484131958857E+00 -2.742045060417627E-01 -9.603667565590553E-01 5.007576023020772E-02
9.967546986553822E-01 -7.318164823953725E-02 -3.353381978485097E-02 2.213296949008055E+00 3.859234383539582E-02 8.000034749738446E-01 -5.987529298692941E-01
-2.448657165855573E-01 7.581363163009147E-02 -9.665883684899681E-01 5.054837398573821E+00 -8.505233831891981E-01 -4.953988597603834E-01 1.766067507104769E-01
8.131789716197324E-01 -5.192878611456300E-01 2.628308912252729E-01 6.120175236926629E+00 -3.892403762105111E-01 -1.494903711180057E-01 9.089249465552701E-01
6.328225840758160E-01 4.025532662773170E-01 6.614275809890833E-01 1.911352035418996E+00 -2.429750704910383E-01 9.143227869920963E-01 -3.240014757788620E-01
-9.802417784203786E-01 -8.295651582561540E-02 -1.795669020764344E-01 4.527420972960824E+00 1.160856023162031E-01 -9.762966719960583E-01 -1.826716759224187E-01
-4.177416720468485E-01 2.083509502978294E-01 8.843538754059344E-01 5.179030410571611E+00 4.521867299660725E-01 -7.965626964444289E-01 4.012667839178454E-01
-7.535360613338161E-01 5.949569974067497E-01 -2.796597495283585E-01 1.538320302708480E+00 6.136004115440523E-01 7.892003366202460E-01 2.563910356194103E-02
-9.257775398943857E-01 -6.114476483183552E-02 3.730914959641386E-01 1.016396652621033E+00 1.541358326847051E-01 8.400562532547702E-01 5.201419387534042E-01
3.211442836893625E-01 -7.709318222113173E-01 5.500277034437302E-01 9.295196957863169E-01 6.685885783637453E-01 5.958970532849034E-01 4.448550491653602E-01
-2.008533796256532E-01 8.985291014337820E-01 -3.902606485024511E-01 3.351962117228293E+00 6.947752565375788E-01 -1.501898490223118E-01 -7.033707074891566E-01
8.363572549123532E-01 -1.580279130907407E-01 -5.249130602677538E-01 4.834786324776163E+00 -1.102312857633959E-01 -9.864703457121223E-01 1.213479322838031E-01
-4.653081750356232E-01 6.369196125727788E-01 -6.146720339865472E-01 4.026388237117738E+00 -2.170799409852880E-01 -7.553336949555290E-01 -6.183423877486095E-01
-5.844746444982319E-01 6.814553161853660E-01 4.404634400053744E-01 5.816125203442826E+00 1.463248925695223E-01 -4.454168449752277E-01 8.832852653740080E-01
1.117736421605857E-01 6.196413466655502E-01 -7.768856121853853E-01 4.022621533479675E+00 -1.450806312499301E-01 -7.632325470034653E-01 -6.296250389165959E-01
-5.126824850614647E-01 -5.506905992114070E-01 6.587082308969445E-01 3.482271452147100E+00 -6.485704691469256E-01 -2.543222740750662E-01 -7.174095953218241E-01
3.411915619710282E-02 7.225222268318175E-01 6.905052605986354E-01 5.487869425233621E+00 6.902454949713885E-01 -5.166940778079046E-01 5.065455425032797E-01
-2.233953256327198E-01 6.062491148694479E-01 -7.632539152899657E-01 6.144057226080709E+00 -9.664043633672255E-01 -3.564434703306378E-02 2.545428981318751E-01
-7.911622677741809E-01 -4.988272407912410E-01 -3.538836671775242E-01 2.225579909142215E+00 -2.220186957212256E-01 7.733838865001366E-01 -5.937887358751340E-01
6.218546572824162E-01 5.275430726614565E-01 -5.787876050012455E-01 5.650564512606999E+00 7.814081653854561E-01 -3.689584697329068E-01 5.032602971438215E-01
8.579968136696587E-01 1.228352595506307E-01 -4.987514077612636E-01 5.068086951901057E+00 3.190445808516365E-01 -8.884146643287995E-01 3.300453599654907E-01
-8.888970342460197E-02 5.739105488181024E-01 -8.140794203149904E-01 4.235690530278687E+00 -8.377783065779663E-01 -4.851383756594421E-01 -2.505359564810473E-01
-9.710556951629870E-01 -2.330075326769732E-01 -5.251977348882499E-02 2.990471957185656E+00 1.734224383016843E-02 1.505235102516926E-01 -9.884543082208928E-01
-1.533431799174937E-01 -9.552716452718049E-01 2.528674611579951E-01 2.962719163163459E+00 -9.390322695849282E-01 6.117445532674101E-02 -3.383431434116189E-01
4.075169502314143E-01 -8.849174097729096E-01 2.255019138608175E-01 4.156827729305173E+00 -8.407821429932926E-01 -4.599534890379972E-01 -2.855313922240068E-01
-7.286065020688066E-01 -6.690124962463119E-01 1.468156837988929E-01 5.640210315547902E+00 5.798984181347666E-01 -4.884703089954871E-01 6.520081148840471E-01
6.523022910133525E-01 4.040798428027806E-01 6.412653130952989E-01 2.028023885574957E+00 -1.209483395909212E-01 8.906927639428106E-01 -4.382212904573623E-01
6.428990883950364E-02 5.835879612335912E-01 -8.095010186062948E-01 5.326042720227574E-01 9.873932467510286E-01 8.037443488181856E-02 1.363617486243511E-01
-3.401897576223210E-01 -2.228026124634687E-01 -9.135808254819712E-01 1.998338816983532E+00 4.596195384217067E-01 8.081743534659157E-01 -3.682446120460779E-01
5.480386326743549E-01 -9.798565445057945E-02 -8.306939680883179E-01 4.628740936217823E+00 -2.915667119657327E-01 -9.532059577272858E-01 -7.992030171802059E-02
2.866990844105198E-01 7.282472496601211E-01 -6.224625116106504E-01 3.504980756435551E+00 -7.478460466799062E-01 -2.359688040379765E-01 -6.205199545430612E-01
9.414728630655463E-01 1.239924876548698E-01 3.134560752582729E-01 2.977098679480771E+00 2.933777457419009E-01 1.565474610194927E-01 -9.430919312303286E-01
-5.188966016212466E-03 9.535647798197322E-01 -3.011432969850543E-01 3.436029423408760E+00 9.109472987579712E-01 -1.197144749157577E-01 -3.947701399310743E-01
1.806719448530275E-01 -3.930374460619397E-01 -9.015981445944375E-01 1.540690998092883E+00 9.186114442173754E-01 3.949829502840678E-01 1.189468527374305E-02
8.780058816138654E-01 -4.513336314850880E-01 1.593851465536916E-01 1.607758503160340E+00 4.616327973629523E-01 8.864652231030206E-01 -3.278061359656566E-02
-4.754075015334878E-01 2.675094619124074E-01 8.381088206629380E-01 1.787992715242898E+00 1.671899640444498E-01 9.627608380692045E-01 -2.124596069917725E-01
7.628102031323687E-01 -3.855612396035297E-01 5.190983765265924E-01 4.807751069511942E-01 -3.466873466372061E-01 4.337847230295220E-01 8.316481814733047E-01
-4.276975495217274E-01 -5.081033438438241E-01 7.476000254867801E-01 5.063839897901394E+00 8.641426541220945E-01 -4.724855634626728E-01 1.732479888661996E-01
-5.733834666246630E-01 -6.781240843914453E-01 4.597598572839389E-01 5.685482224946186E+00 7.989230082702190E-01 -3.384537431568178E-01 4.971630422704430E-01
-9.128113469042597E-01 3.842043415530170E-01 -1.384285696474684E-01 4.031566876004565E+00 -2.256376038323831E-01 -7.570162766503908E-01 -6.131998276444306E-01
-6.809459293966879E-01 -2.215830894098917E-01 6.980068593686231E-01 4.030788029229425E+00 -3.658678997398899E-01 -7.227233101691489E-01 -5.863545828916749E-01
1.027460028691985E-01 9.707722572239560E-01 2.168974031626663E-01 2.755889534531099E+00 -8.477930119991275E-01 1.995147884333036E-01 -4.913663175288487E-01
5.004448534162043E-01 5.508814574373582E-01 -6.678956269814362E-01 4.399823522576587E+00 5.372913092563381E-01 -8.025323240302533E-01 -2.593451713146221E-01
3.302742616253238E-01 -3.683486467304393E-01 -8.690444100042879E-01 1.697482372388970E+00 6.120219325559096E-01 7.845030305976834E-01 -9.992071383641939E-02
7.200073692046269E-01 -6.930608086567296E-01 -3.544155463734580E-02 1.107924999231889E+00 6.620064127634621E-01 6.706315408997869E-01 3.346652742822745E-01
1.444605895465601E-01 7.857400084117184E-01 6.014513922579388E-01 2.754020308631246E+00 8.740368057782308E-01 1.836267615316339E-01 -4.498231592463772E-01
8.979080789521179E-01 -3.015547845643382E-01 3.206646124206302E-01 2.754377862220300E+00 4.160295687691256E-01 3.433808630795551E-01 -8.420267102536091E-01
-4.621219839598597E-02 -1.634178120054378E-01 9.854740237260265E-01 4.521197881386516E+00 -5.020666337012388E-01 -8.490705363069464E-01 -1.643420813405394E-01
6.416859283467879E-01 7.666691125096589E-01 -2.139255210050567E-02 4.773286605852319E-01 -4.608473950169485E-01 4.077151931752395E-01 7.882816753928571E-01
9.999975648253916E-01 -8.369753983861154E-04 -2.042012602613257E-03 2.737554877285252E+00 -1.548550269885764E-03 3.931337246264663E-01 -9.194800033461215E-01
2.612718598604349E-01 4.803915400541889E-01 8.372341270453766E-01 1.784512278740880E+00 -7.451066698515840E-01 6.517719983892960E-01 -1.414542776246305E-01
-7.447414742979571E-01 4.515011391380689E-01 -4.914334724228004E-01 3.383446930104426E+00 4.439609413635159E-01 -2.146060483155841E-01 -8.699671985598020E-01
9.542015427976800E-01 -8.629516070886981E-02 2.864481819819386E-01 2.279742517430507E+00 2.553310124231851E-01 7.338887173244744E-01 -6.294548630988477E-01
-3.936374266428274E-01 -8.790375637636156E-01 2.689656815256185E-01 3.841289189202627E+00 6.751993498000994E-01 -4.750264791853407E-01 -5.643187770243889E-01
-1.256584785308892E-01 -4.580090771926145E-01 8.800213815484668E-01 1.019654338573527E+00 4.900461156540933E-01 7.426218476418884E-01 4.564729958467236E-01
-6.004989483011229E-01 -2.320136598006787E-01 -7.652258978596714E-01 5.081339830554064E+00 -9.871343486686777E-02 -9.281507923043634E-01 3.588756950833634E-01
-3.584308576956508E-01 3.701874631108077E-01 8.570230816069917E-01 2.191229358928525E+00 -4.817894938024030E-01 7.129705538993959E-01 -5.094623371104214E-01
2.712178636019888E-02 -8.025112903512222E-01 5.960201654000040E-01 7.024615235245468E-01 9.198221369771141E-01 2.534874185659338E-01 2.994517740064903E-01
1.673611874646717E-01 -9.776591983690741E-01 1.271720282717649E-01 2.620912902068416E-01 6.148607075389314E-01 2.043362978000540E-01 7.617040026979590E-01
-4.487727462453949E-01 6.783259139508985E-01 -5.817877419558136E-01 3.292116499446752E+00 7.257972269889228E-01 -1.031560896361104E-01 -6.801302863909068E-01
-9.333247547069544E-01 -3.497959190891812E-01 -8.091796611234338E-02 3.438534813577654E+00 1.890914466276051E-01 -2.873189519269794E-01 -9.389846882009640E-01
-8.265451241966962E-01 -5.628647535117945E-01 2.535137229942780E-03 2.887775444282124E-01 -1.876001865832240E-01 2.797244564070697E-01 9.415733633029923E-01
2.939514643330988E-01 1.304992645463241E-01 9.468698319036758E-01 1.414715160378463E+00 -6.846305706123409E-01 7.200298812956081E-01 1.133046858009545E-01
8.215470726866794E-02 -9.188097711311843E-01 -3.860559655638803E-01 2.509129921946181E+00 9.425318681546164E-01 1.975071238625399E-01 -2.694895425364704E-01
7.709738778536240E-01 1.316873502478053E-01 6.231032991824526E-01 4.437205497098302E+00 3.584685644233887E-01 -8.984176210704051E-01 -2.536652646115124E-01
3.117674320618772E-01 7.706313132656591E-01 5.558133205672462E-01 4.041067239389556E-02 -8.829952218157439E-01 1.896287909253901E-02 4.689987712852637E-01
-8.702231274460623E-01 -4.421779758362966E-01 -2.172333909492507E-01 2.564135892818426E+00 -6.806894228225562E-02 5.446287044383513E-01 -8.359103979484751E-01
-5.314102543732454E-01 -8.427971991291834E-01 8.541675881796584E-02 7.412374983237682E-01 -6.896169044749968E-01 4.889634421128290E-01 5.341753245325893E-01
7.110633854216940E-01 -4.945783083045653E-01 -4.997811109548197E-01 2.131359471234338E+00 2.105805514219424E-01 8.279641356058871E-01 -5.197414948926310E-01
-5.584701259373861E-01 -7.998573191437902E-01 2.198622010432645E-01 3.175199314530992E+00 -3.264242919494314E-01 -3.175982155598035E-02 -9.446896291163805E-01
6.662506687453851E-01 5.749882632129950E-01 4.748668693051040E-01 2.666943760611678E+00 2.329409769032790E-01 4.444537915462837E-01 -8.649851608319524E-01
-2.362493010453536E-01 -1.347595118915315E-01 9.623025208895266E-01 4.765266549856507E+00 6.174245894992565E-01 -7.855306085591667E-01 4.157570562648025E-02
3.791245567684191E-01 8.592208772092171E-01 3.435171824275653E-01 2.731249657906526E+00 -7.303614061951166E-02 3.978584649314776E-01 -9.145350534811529E-01
-8.043825195408599E-01 5.807821046632433E-01 -1.251435542088834E-01 5.172402481735707E+00 -5.821799115134643E-01 -7.285395630251901E-01 3.609662806097547E-01
9.607039793165856E-01 1.510242123292941E-01 -2.328938629839649E-01 3.537047433930323E+00 -1.610229124944756E-01 -3.802009429167790E-01 -9.107792623116694E-01
-2.073667827768532E-01 3.058623348559725E-01 9.292186231007376E-01 2.041112981458344E+00 -5.820694843302784E-01 7.248523438589285E-01 -3.684890704128164E-01
-4.833386979386355E-01 -5.734796602613219E-01 6.614414428666708E-01 4.845684224637117E+00 8.052021653244903E-01 -5.877400907968239E-01 7.881026980599345E-02
5.774821754299620E-02 3.654017977271258E-01 -9.290568710194179E-01 4.312811372785607E+00 -3.947746978602664E-01 -8.464015920308946E-01 -3.574315080360187E-01
5.919976394462168E-01 5.438987259381501E-01 5.947377327973770E-01 6.203408687310115E+00 -6.803112784788244E-01 -5.840814292384695E-02 7.305922619455362E-01
-8.863023926405859E-01 -4.319547416913451E-01 1.669825437880743E-01 2.293705262433662E-01 7.246814851000119E-02 2.267667774545608E-01 9.712492965734421E-01
1.187872104271914E-01 8.374964638951717E-01 -5.333753571379256E-01 3.698509256363455E+00 -8.471934910750592E-02 -5.266709617788893E-01 -8.458370587209456E-01
2.775786745677000E-01 6.408034956549766E-01 -7.157659948485967E-01 3.258278837519337E+00 -9.165802862386495E-01 -4.655124608123520E-02 -3.971316662858299E-01
-4.341880799545298E-01 5.965303340006753E-01 6.750053865284644E-01 2.692972855761413E+00 -6.270249994957898E-01 3.378693123703214E-01 -7.019145088724914E-01
-7.379169216558564E-01 -4.829441896063311E-01 -4.714271168053752E-01 2.935874140980558E+00 4.412467736705445E-01 1.833095145429056E-01 -8.784639472416496E-01
-9.181294737842103E-01 -2.042932387544298E-01 -3.395622799545832E-01 2.828949329079128E+00 2.727281485640306E-01 2.959150800711897E-01 -9.154526871265918E-01
-1.700426647579055E-02 -9.635181295188374E-01 -2.671023568037941E-01 2.857188233742702E+00 -6.349886548910424E-01 2.167585877933043E-01 -7.414884508726465E-01
-7.474369719048742E-02 -6.438280980944280E-01 -7.615108402606021E-01 1.701501119048036E+00 -9.905246489906618E-01 1.361636344518483E-01 -1.789928475636965E-02
9.860853108126781E-01 1.661704731750422E-01 4.809744717424624E-03 2.743429373514418E+00 -6.072940026183761E-02 3.870103165779072E-01 -9.200733420799158E-01
-6.871888978742108E-01 1.045654166948918E-01 -7.189141063227589E-01 3.926140579434432E+00 5.347759676992444E-01 -5.969926719795962E-01 -5.980087072727278E-01
-6.084119699938646E-01 -7.889859846952827E-01 8.565039826293935E-02 5.772366821288272E+00 6.034637288353968E-01 -3.898373427517486E-01 6.955992913857334E-01
1.379561416921726E-01 8.096960163859719E-01 -5.704037727944103E-01 1.655332177490083E+00 -9.872305390801814E-01 1.587291734147358E-01 -1.345036113006388E-02
8.495286201819131E-01 -4.694730271652430E-01 -2.406162925824390E-01 2.231378144139740E+00 2.539777714848108E-01 7.637432756941772E-01 -5.934572439725858E-01
-5.171216228519022E-01 4.704421429652108E-01 7.150310603752226E-01 4.858919803948082E+00 -5.724147054989648E-01 -8.111771677979110E-01 1.197205386385025E-01
3.658037443938141E-01 6.013701645735232E-01 7.103108796493819E-01 2.471269250109756E+00 4.474436590285293E-01 5.555819666703197E-01 -7.008015769858834E-01
-2.490072697658798E-01 -1.653653402883592E-01 -9.542796675163195E-01 1.373336165079712E+00 -8.143251230423487E-01 5.691304835022404E-01 1.138643347610201E-01
4.570983547144697E-01 6.930916135870980E-01 5.573913430369706E-01 5.687358110618564E+00 -1.564099359164040E-01 -5.542865598096440E-01 8.174976095139462E-01
-7.873019349996877E-01 -6.162090025458122E-01 2.102684777237719E-02 3.097219989617054E+00 -6.128417836901472E-02 4.427472692383123E-02 -9.971379032197376E-01
-1.961482050254487E-01 1.435459985249208E-01 9.700105298257222E-01 1.635011659632277E+00 3.817023942782551E-01 9.223802410589089E-01 -5.931250379436520E-02
-9.045893023321055E-01 3.890209476329944E-01 1.743011658281188E-01 1.878033149825663E+00 3.317295011954802E-01 8.991990200527794E-01 -2.853009995999293E-01
-9.668460124053703E-02 -8.712149882331818E-01 4.812863307437842E-01 3.635035576509813E+00 -1.151918614469092E-01 -4.705078601064727E-01 -8.748446654317691E-01
-3.987260262489971E-01 8.882868587178655E-01 -2.279561638140783E-01 1.382733777804676E-01 -2.508975778676268E-01 1.334243967503966E-01 9.587743925303548E-01
6.729056447387601E-01 1.581933590537148E-01 -7.226152879852570E-01 1.164402700865443E+00 2.041657973240780E-01 8.992043004672231E-01 3.869728068279158E-01
8.169961708436447E-01 4.124460993122812E-01 -4.029956227912481E-01 3.313464070366009E+00 -3.711166853148870E-01 -1.588128468477661E-01 -9.149048505484050E-01
9.472885959176466E-01 2.056626037567040E-01 2.456566902414558E-01 2.548756337789681E+00 9.336410619003319E-02 5.562751403779292E-01 -8.257367085656609E-01
-4.913496343821990E-01 3.354336797686600E-01 -8.037784416549971E-01 4.812946574186063E+00 -6.447371672893683E-01 -7.605428258720729E-01 7.673718218831710E-02
1.738757202114818E-01 5.079243882271739E-02 9.834568430182278E-01 1.337073708742550E+00 -8.471209837274633E-01 5.169518255563050E-01 1.230725354521406E-01
-5.669701089338737E-01 -3.546918853973295E-01 -7.434638942200212E-01 1.940580200092861E+00 -1.087371584416838E-01 9.268768137832374E-01 -3.592709318119990E-01
3.917752746357817E-02 -7.369676640202246E-01 -6.747916593515466E-01 5.500942562599430E+00 -7.214296513517185E-01 -4.881152445072643E-01 4.912054216212922E-01
-7.002774867233725E-01 -6.946405774236347E-02 7.104830654353151E-01 5.735255372451133E+00 6.761452743033741E-01 -3.837983361096658E-01 6.289089005862987E-01
-2.151129598654948E-01 7.290496484317608E-01 -6.497792122093718E-01 7.190787676451375E-01 -4.033294468715223E-02 6.581558241729910E-01 7.518006149771587E-01
1.589484051044181E-01 -9.766576740742533E-01 1.444824978557312E-01 9.845591601613850E-01 9.773257283964142E-01 1.763865756619313E-01 1.171417796547253E-01
9.943706022277530E-01 -1.031702018727897E-03 1.059530132471959E-01 1.684334512686999E+00 1.310157898922636E-02 9.934761844360744E-01 -1.132846838117502E-01
-5.148518172228533E-02 3.744274354356096E-01 -9.258257782413145E-01 1.338433576816257E+00 9.466045158521237E-01 3.137326863445912E-01 7.424077105858234E-02
-8.635447875903997E-01 4.882829421861122E-01 1.259768557931389E-01 3.475021074400922E-01 3.131412737758213E-01 3.234228412220280E-01 8.929390843914982E-01
6.156778776850297E-01 -1.020525818037181E-01 7.813616457674724E-01 4.480833519123212E+00 1.288345528833151E-01 -9.651991358098707E-01 -2.275791866916546E-01
-1.857457900299753E-03 -8.290600867937835E-01 5.591564381598704E-01 3.725712221321829E+00 -9.804259380290035E-01 -1.085770024937679E-01 -1.642437656942173E-01
9.666587236671216E-01 -2.530110978736076E-01 3.944992155940411E-02 4.071320784557787E+00 -1.822600178849962E-01 -7.880332624387499E-01 -5.880347465674977E-01
-3.520482684970559E-01 -5.119436844574974E-01 -7.835660027032230E-01 5.572363260037895E+00 -5.937637388475232E-01 -5.249926004336174E-01 6.097765098130286E-01
8.329206179628061E-01 -6.704373261066976E-02 5.493162860229851E-01 1.617774638668992E+00 1.106902277755652E-01 9.927584576828281E-01 -4.667245626925799E-02
-5.393559969039438E-01 1.353056859087906E-01 8.311362583623124E-01 1.541051643299319E+00 2.843414219057316E-01 9.582990040496883E-01 2.851270990281629E-02
-2.294093919815335E-01 9.535292262473900E-01 1.953288139592240E-01 2.824851601479248E+00 4.367686895909781E-01 2.801915146807174E-01 -8.548250270633783E-01
4.431059974600794E-01 -6.150092433762369E-01 6.522428271561879E-01 4.337876806021947E+00 -6.016698679912668E-01 -7.433808200127509E-01 -2.921956987851497E-01
-2.671479049921085E-01 -6.435417137979882E-01 -7.172768359986788E-01 2.901763718690656E+00 8.975690697140019E-01 1.047236176728834E-01 -4.282554482948757E-01
-3.854965630730088E-01 -2.790811064384489E-01 8.794919760225155E-01 4.070316015039057E+00 -6.181944745633667E-01 -6.294930406170092E-01 -4.707165850425024E-01
6.300247511800402E-01 -7.304351688960584E-01 -2.636916322910438E-01 6.156498100330036E+00 2.594973164917420E-01 -1.220203786305466E-01 9.580042640471089E-01
-3.178315809943002E-01 -1.801527352334448E-01 -9.308748992805489E-01 9.309427403173757E-01 -9.106092177352068E-01 3.315170418223397E-01 2.467535279525702E-01
7.760856358133587E-01 -2.220090383220643E-01 5.902567854650103E-01 3.926459585782687E+00 3.184259039967876E-01 -6.699441058290487E-01 -6.706562746509908E-01
-5.087355672265366E-01 3.122596031594443E-02 8.603563575873903E-01 2.268538336771845E+00 -7.206734706478253E-01 5.312528147650581E-01 -4.454213684912534E-01
6.577269672893398E-01 6.223811201855024E-01 -4.243076451550301E-01 1.374340891553454E+00 -6.257108675818286E-01 7.650504098510980E-01 1.522622099427909E-01
4.142522709246148E-01 -8.642575118209941E-01 2.854014878986860E-01 1.844462330677283E-01 -2.826242373263250E-01 1.759250093908323E-01 9.429601961623558E-01
1.309912715000666E-01 6.242623069200072E-01 7.701544383756460E-01 2.090795206963118E+00 -7.719549958234249E-01 5.516532075410862E-01 -3.158547498976190E-01
-7.596375856413715E-01 6.270384343478174E-01 1.725501096249613E-01 2.030584399700613E-01 3.624916556818562E-01 1.879499741977410E-01 9.128387627396720E-01
-9.775510278294997E-01 -5.260252045791552E-02 -2.040268679144083E-01 4.416650072579535E+00 1.116013944391741E-01 -9.506113018225454E-01 -2.896261065692755E-01
1.323101113953408E-02 9.869125650023843E-01 1.607125676001709E-01 6.113263275630569E+00 5.402498063717729E-01 -1.423030750944395E-01 8.293853034229194E-01
-1.854359795015047E-01 8.731441977418248E-01 4.508133842912196E-01 5.971646903069766E+00 6.566993455372743E-01 -2.311653449579795E-01 7.178499514950000E-01
3.013649320401411E-01 -9.495338991250124E-01 -8.697443388083502E-02 9.824428322581469E-02 5.121306851692853E-01 8.424707819278311E-02 8.547658106896985E-01
8.911737381709764E-01 6.316906006284292E-02 -4.492427386671317E-01 1.554656071161830E+00 -6.261466602708381E-02 9.979077811223528E-01 1.610788545337971E-02
-5.814300178987821E-01 7.259048846141852E-02 8.103516244638217E-01 3.575377847873221E+00 -7.964548467842772E-01 -2.541596628485464E-01 -5.486916646118717E-01
-7.978860990879196E-01 -4.876478280890840E-01 3.543689724598665E-01 9.774007349538442E-01 -2.501293646408879E-01 8.026933331228067E-01 5.414043903631968E-01
6.945479786927438E-01 6.126581269449721E-01 -3.771645858005525E-01 5.738680126836749E+00 6.776240990814729E-01 -3.809378187490851E-01 6.290564033460843E-01
2.334899222001538E-02 2.899681472640944E-01 -9.567514296485468E-01 4.427475561011373E+00 3.720922239982014E-01 -8.907764726794832E-01 -2.608920323826891E-01
-4.682190458350437E-01 -3.222140542310571E-01 -8.227691221559708E-01 1.957087293684707E+00 2.457851756624774E-02 9.260329894071356E-01 -3.766414727614705E-01
8.430415621841080E-01 -4.262590987370146E-02 -5.361566527029370E-01 6.024050417344795E-01 4.837190027714187E-01 4.959241398339179E-01 7.211623769220167E-01
-3.370956318128081E-01 -6.448860713786770E-01 -6.859216354325759E-01 5.767729404133964E+00 -6.374837770762476E-01 -3.797859176006272E-01 6.703559433292515E-01
-2.532492616093416E-01 9.188163246718628E-01 -3.027232614299953E-01 6.145036168574562E+00 -8.597729106697202E-01 -7.032533153599284E-02 5.058111206990906E-01
5.519404998610423E-01 -6.240597594823251E-01 5.530923080354719E-01 3.064081415992359E+00 7.358295162597337E-01 5.243549730680418E-02 -6.751336472307942E-01
9.287085921490794E-01 -3.192355804014057E-01 1.886504573921107E-01 3.606665677757631E+00 2.738294893076028E-02 -4.483198953105739E-01 -8.934536616840134E-01
7.260779249371347E-01 -5.841058340911750E-01 -3.628101728171870E-01 3.330815538642572E+00 -5.402963914455428E-01 -1.582777948368939E-01 -8.264550496261094E-01
-1.054403654798713E-01 -8.636193734063213E-01 4.929948348661922E-01 3.109671503318542E-01 8.893576895032321E-01 1.398975481473529E-01 4.352833285847640E-01
3.709969989189477E-01 -2.945465473450503E-01 -8.806835744126515E-01 2.543797256566596E+00 -8.346365355535849E-01 3.100027382006877E-01 -4.552803046774430E-01
7.090175697397592E-02 -6.011190213637095E-01 -7.960080797408653E-01 2.712971394536319E+00 -9.890045036230841E-01 6.146371305452137E-02 -1.345076346933827E-01
-6.493943462418861E-01 -7.316184913203820E-01 -2.074159256835438E-01 2.079774043383715E+00 -6.378354168236305E-01 6.725479976490113E-01 -3.752934477228863E-01
-5.273250294776177E-01 4.229629486195921E-01 -7.369061387866503E-01 3.317755162124576E+00 7.772328027495252E-01 -1.102713466740804E-01 -6.194751007367467E-01
-4.248924903909567E-01 2.338923189313816E-01 -8.745060061281864E-01 7.267220447090839E-01 -7.608431372202876E-01 4.311681605576224E-01 4.849863275043400E-01
8.102287099360498E-01 -4.614749353278842E-01 -3.613451558544678E-01 2.989639985687653E+00 -3.342323403521202E-01 1.426634882171567E-01 -9.316307593636320E-01
-9.908011077021645E-01 -1.215198692363927E-01 -5.954902481933520E-02 1.901360218263161E+00 -9.605399832704473E-02 9.414859316959808E-01 -3.230756410253474E-01
2.418682814634991E-01 -5.484093209063673E-01 8.004667083426457E-01 9.477963751659705E-01 -8.924093747459798E-02 8.088913690372544E-01 5.811461160290852E-01
-8.551762284870477E-01 -4.788494347454564E-01 1.984359772688050E-01 4.667141492319387E+00 4.811604703226593E-01 -8.757353079955570E-01 -3.965188682527183E-02
2.843688315928062E-01 9.564502687119071E-01 -6.585780970745153E-02 3.620805840661998E+00 8.025629230139000E-01 -2.750660085619767E-01 -5.293689125148617E-01
-7.510619682826484E-01 1.210933196362029E-01 6.490318387713183E-01 8.833098809162421E-01 5.583285612621118E-01 6.411664049545402E-01 5.264739868565688E-01
-1.467167779606320E-01 6.178835466631477E-01 7.724597787767467E-01 2.098663859981468E+00 7.021893476287271E-01 6.150763759475587E-01 -3.586239978416950E-01
-6.358169511173966E-01 -1.785642935382158E-01 7.509005245336935E-01 5.106998052333288E+00 5.807020730308993E-01 -7.515488195201325E-01 3.129847827858589E-01
-3.238266990737060E-01 -5.989221110903521E-01 7.324128438347483E-01 3.910328902757488E+00 -3.218051201923183E-01 -6.582454449432611E-01 -6.805544789577508E-01
4.974278282766611E-01 -4.575984385212237E-01 7.370001524551418E-01 2.515249159942880E+00 8.669675640464620E-01 2.921344665521900E-01 -4.037631686318245E-01
-2.202016178051166E-01 -4.933318206595014E-01 -8.415075532880205E-01 2.356005770226665E+00 7.451222594957545E-01 4.716782276991396E-01 -4.715002310906539E-01
-7.005605859748618E-01 5.000068546683351E-01 5.091247496078313E-01 6.206309133415970E+00 5.564887464287351E-01 -6.381006893608351E-02 8.284012012307486E-01
9.180081017880669E-01 -2.776995768948519E-01 2.830972801774866E-01 1.787331556908487E+00 3.401286439234909E-01 9.184189106728866E-01 -2.020376452575000E-01
3.926905293230914E-01 -8.285386635460527E-01 3.991463781487579E-01 2.788149163219153E+00 8.598149746352499E-01 1.767362102832030E-01 -4.790433397592706E-01
-3.063782683718861E-02 7.674063280950085E-01 6.404286464286481E-01 5.571683541199828E+00 -4.639432515090713E-01 -5.784449166295105E-01 6.709382518568078E-01
-9.991546044061325E-01 9.717723023443118E-04 4.109905294063741E-02 3.203489541465270E+00 -4.108051028275530E-02 -6.180515441676784E-02 -9.972424552547028E-01
8.620637899127648E-02 9.950637766528164E-01 -4.915832192667252E-02 4.397955555369041E-01 -9.751157307234237E-01 9.438825375111354E-02 2.005995245496329E-01
9.085818216469792E-01 4.054053453867626E-01 -1.006259375335027E-01 2.292227651395677E+00 -3.779081965583023E-01 6.951796088452993E-01 -6.114823843903832E-01
-4.270378242782195E-01 -7.592691694039566E-01 4.910692670370955E-01 1.192048528437749E+00 -7.751111171683057E-01 5.870464804422806E-01 2.336218864799104E-01
-9.688218982933657E-01 -2.259786880419811E-01 1.015763847459838E-01 5.128476792263126E+00 2.477535242993357E-01 -8.861603815051999E-01 3.915839238883755E-01
3.133842005604074E-01 -4.109438033144452E-02 9.487368416712240E-01 2.627870942438324E+00 9.377932235185500E-01 1.706188953969842E-01 -3.023790046550850E-01
9.788474032488939E-01 -2.022053048786809E-01 -3.115727574447479E-02 4.551818588733551E+00 -2.045859044324281E-01 -9.662569484555911E-01 -1.564995759382580E-01
9.029702044807002E-01 -2.643323801775412E-01 3.387819396156740E-01 5.616948482428048E+00 -4.297008191507278E-01 -5.580651158993553E-01 7.098736031417372E-01
6.880256531327152E-01 6.739277907674033E-01 -2.691505776747802E-01 4.476747358715129E+00 6.525227127301934E-01 -7.368280214277553E-01 -1.769140362155847E-01
-9.020402178562956E-01 -1.836936692654429E-01 3.906150038613020E-01 6.195597562552885E+00 4.097492410903388E-01 -7.979526536196854E-02 9.087014223889519E-01
9.992401315738645E-01 3.230136461931721E-02 -2.181241151215965E-02 5.346682326967969E+00 3.894471544056014E-02 -8.048795943901415E-01 5.921588871862138E-01
-7.447523956707888E-01 -4.930456103055620E-01 4.497220200313041E-01 4.699968909094176E+00 5.476181577032613E-01 -8.366638276794567E-01 -1.039195873965052E-02
-9.997756259903126E-01 2.050819928629331E-02 5.302022039964417E-03 1.243506008523621E+00 2.112407246781629E-02 9.467056295741250E-01 3.214066341801834E-01
-9.998911780385629E-01 -1.257165847182345E-02 7.719163421176100E-03 5.156261566158132E+00 1.466834248739602E-02 -9.029982356423710E-01 4.293937891439948E-01
-9.393107383879991E-01 -3.058415436871146E-01 1.554229291452024E-01 1.507736464598068E-01 1.139344982015458E-01 1.492249642875331E-01 9.822173080092543E-01
-7.081993018780473E-03 -1.486187592349160E-01 9.888692076196709E-01 4.542370827478916E+00 -9.468272811539334E-01 -3.171033094076054E-01 -5.443887237438556E-02
9.449776222212330E-02 -1.226274085442193E-01 -9.879436682365750E-01 4.562070712735113E+00 -9.435512991050216E-01 -3.274913411324733E-01 -4.960209108979392E-02
-4.720439725669851E-01 -8.801948872357456E-01 4.930971960204833E-02 8.825681258764497E-01 -8.085022319708474E-01 4.545359653704605E-01 3.737929869364883E-01
-1.613920325314844E-01 9.562157104043567E-01 2.441395646167317E-01 2.761421455238376E+00 6.217615025652043E-01 2.906318874141666E-01 -7.272865597176524E-01
3.768852221862186E-01 -9.260330915758974E-01 2.049981960970360E-02 2.725993008273576E+00 7.214237089006532E-01 2.795865287762512E-01 -6.335449511777930E-01
9.532654323790108E-01 -2.979642557001869E-01 -5.002317219340688E-02 1.409668525682472E+00 3.021303837288427E-01 9.409189257957133E-01 1.529339933020225E-01
9.884900001260750E-01 -1.505908767735830E-01 -1.448818426566453E-02 4.606081752938017E+00 -1.512782333624443E-01 -9.829108987664247E-01 -1.048859437528071E-01
-1.258707016398475E-01 -5.061838257599469E-01 8.531907764431799E-01 1.486942592224755E-01 9.868604088412343E-01 2.393686390941755E-02 1.597922401366661E-01
8.449031059444477E-01 5.299008709520284E-01 7.310135791972125E-02 5.237007164113273E+00 4.468497744549896E-01 -7.742977399607138E-01 4.480940626266496E-01
9.847098625091997E-01 4.437463395551748E-02 1.684558652538612E-01 2.485425531386804E-01 -1.741955491876322E-01 2.422306133104654E-01 9.544528488188690E-01
8.001758489131360E-01 4.076360330243131E-01 -4.399448549492804E-01 2.528255564776220E+00 -5.963082456783791E-01 4.620656971047892E-01 -6.564387006377967E-01
8.432500289212561E-01 -3.807905430572883E-01 3.793783745055010E-01 5.740463876800596E+00 -5.260034207925300E-01 -4.392472086420662E-01 7.282735001458654E-01
7.473646071344242E-01 -5.984063439388462E-01 -2.887143770866825E-01 1.371224065531936E+00 6.526410334690856E-01 7.426286791451453E-01 1.502076108043152E-01
-7.222296742714280E-01 -6.517623766144309E-01 -2.314953607131160E-01 4.368830317052924E+00 6.916523751036836E-01 -6.800248067751845E-01 -2.432760863377377E-01
1.953871088676246E-01 -9.801289693073679E-01 3.422106387632817E-02 2.886200179130096E+00 8.207596314786775E-01 1.443181140387494E-01 -5.527439816906956E-01
7.802152637348878E-01 -4.322160936645997E-01 -4.521652249039209E-01 1.153616746800877E+00 5.955066931283908E-01 7.344512950617321E-01 3.255043373312146E-01
9.586947784886533E-01 1.318447347926214E-01 -2.520342984715682E-01 5.806739543879956E+00 2.844328556527730E-01 -4.396806665512448E-01 8.519265590919571E-01
-4.329120312299982E-01 7.682608236138790E-01 4.715532632868119E-01 5.066638579216233E+00 -7.895554957521265E-01 -5.755740207987500E-01 2.128771141038273E-01
-9.520004040100811E-01 -1.532938342139461E-02 3.057126768201842E-01 6.227947306663240E+00 3.060931068554337E-01 -5.255992550087037E-02 9.505495590272666E-01
-4.226936335877739E-02 4.451572937835861E-01 -8.944541825675130E-01 1.189829215814425E+00 8.857638157570128E-01 4.308602285113242E-01 1.725744076702747E-01
-9.033661348882729E-01 1.724568885304426E-01 -3.926681142331539E-01 7.513992611030977E-02 -3.865382290104715E-01 6.923436146452057E-02 9.196710285238132E-01
-8.352760214406646E-01 2.017860338043884E-01 5.114649201731715E-01 6.210778313871201E+00 5.102202513140430E-01 -6.221878410886431E-02 8.577902529482654E-01
9.880514090918014E-01 -1.107104479764695E-01 -1.072269075398290E-01 3.932771492030073E+00 -1.541168367618444E-01 -7.026857384684002E-01 -6.946083454578141E-01
8.083713030983215E-01 5.744109746976975E-01 1.287938992109595E-01 1.749940478179146E+00 -5.570838914642600E-01 8.171660619628655E-01 -1.479769071414148E-01
4.380099556836261E-01 8.740733135136707E-01 2.101026447364720E-01 3.969991757952577E+00 8.735496624283288E-01 -3.586507151038161E-01 -3.290602556172260E-01
8.496023041155650E-01 1.120172013351168E-01 5.153911829344492E-01 7.686369277122546E-01 -4.667274754191367E-01 6.147968180163249E-01 6.357596528924128E-01
9.968322862273790E-01 3.117962590020458E-02 7.316573011608662E-02 3.830734227374271E-01 -7.951689396522200E-02 3.725893471297066E-01 9.245832801752271E-01
9.668140109253317E-01 1.247970272615076E-02 -2.551762631953440E-01 4.020946458936558E+00 -1.564057192412520E-01 -7.608464976440648E-01 -6.298014433227244E-01
-8.048083103577247E-01 2.186575568528746E-01 -5.517902286288477E-01 2.953126387035961E+00 5.866374442906964E-01 1.517273956815286E-01 -7.955094633980044E-01
-8.985882869899942E-01 2.636542362767436E-01 -3.507499596261059E-01 3.340706899387195E-01 -2.629569202806226E-01 3.163520855233823E-01 9.114686039911287E-01
-9.971241543791980E-01 1.166109620413447E-02 7.488283908137530E-02 1.337346328368717E-01 7.576914019514108E-02 1.329530591813673E-01 9.882218988913396E-01
-1.845628564017167E-01 -8.831630026674371E-01 4.312304056490865E-01 3.979865770545210E+00 8.939957210465634E-01 -3.331393732398669E-01 -2.996494764683959E-01
-9.612484877965637E-01 2.755497879304579E-01 -8.582486836535421E-03 4.634961598455401E+00 -2.741827314764155E-01 -9.587964236121943E-01 -7.438580394535997E-02
8.462144037032683E-01 7.741545758014431E-02 -5.271887990964705E-01 5.521479725629176E+00 4.571304228093023E-01 -6.138251509638303E-01 6.436229180089996E-01
6.246882139538973E-01 -6.404448497384335E-01 -4.467605956108989E-01 1.321216376431035E+00 7.602015335870256E-01 6.295575866689963E-01 1.604707867477554E-01
-9.950386116188185E-01 -5.389444137171614E-02 -8.362745109666399E-02 3.698257545572081E+00 9.947720096584033E-02 -5.257368245038413E-01 -8.448106757425707E-01
-9.669769954990181E-01 -2.461134810961167E-01 6.620909755043936E-02 2.669653880863283E+00 -1.739979808361707E-01 4.476793039307444E-01 -8.771020143045049E-01
8.017917926560713E-01 1.650226960155820E-01 5.743669828856046E-01 6.072105079899187E-01 -5.766033151851410E-01 4.661767399614321E-01 6.709753080676191E-01
9.355521196612688E-01 -1.835057326650119E-02 3.527116213822528E-01 5.656276550714684E-01 -2.941609936904491E-01 5.122333717617273E-01 8.068991774965815E-01
-8.863696249041976E-01 3.829617877116170E-01 2.601713996578302E-01 3.405516323827714E+00 -3.682401474374497E-01 -2.425391840580331E-01 -8.975377084065654E-01
9.999329437783258E-01 1.143371630908746E-02 -1.837954889239204E-03 1.593983585017589E+00 -1.147327028285537E-02 9.996653851339068E-01 -2.318365445943135E-02
-4.965448419598142E-01 -4.958887634910826E-01 7.124166998087486E-01 5.964143902648413E+00 8.587007358202128E-01 -1.607418471361810E-01 4.866159726941500E-01
7.563902530041100E-01 -7.497464837755957E-03 6.540776507276371E-01 3.345020272794318E+00 6.453849029516154E-01 -1.543201907505872E-01 -7.481066807406790E-01
7.746636140265911E-01 -6.301974022583914E-01 -5.241678443052236E-02 4.816547493883246E+00 -6.256777887932209E-01 -7.758538744812817E-01 8.110530231254466E-02
5.521304615866278E-01 -6.510528464995656E-01 -5.208475251481478E-01 6.482138330358007E-01 8.257378872538006E-01 3.405552329066643E-01 4.496432751565593E-01
-9.844465530259966E-01 -1.595331396988291E-01 7.358098649153479E-02 5.135589852924255E+00 1.756775119268462E-01 -8.975988778224279E-01 4.042940345034922E-01
7.897828079335056E-01 -6.124828017416907E-01 3.328564049730914E-02 4.119292664285771E+00 -5.266361082286617E-01 -7.049072374757459E-01 -4.751422903342553E-01
9.967187917050203E-01 7.805547078827277E-02 -2.142413923837845E-02 1.819245742897058E+00 -8.092709133936697E-02 9.661156132621046E-01 -2.450947320905475E-01
-5.585046557160013E-01 5.480833743229122E-01 6.226372654558683E-01 3.910789152043114E+00 -8.292105026729167E-01 -3.887728072089022E-01 -4.015789419676268E-01
-7.468956033487361E-01 -6.222227495991079E-01 2.344905276970768E-01 1.695871951324855E+00 -6.545288177511823E-01 7.501310707126200E-01 -9.431544669235065E-02
9.574452929976437E-02 9.944761721023858E-01 -4.301311694997711E-02 5.951100839747654E+00 9.672541158541876E-01 -8.274566774584537E-02 2.399429720421666E-01
1.931895777715034E-01 -3.207127945703220E-01 9.272653829618371E-01 3.427313616965481E+00 9.720100766164731E-01 -6.621742940462942E-02 -2.254144250022190E-01
-6.633914426986246E-01 -7.080747714410789E-01 -2.419543589251939E-01 4.798317016867441E+00 7.181925095506221E-01 -6.932771169547776E-01 5.971899473577374E-02
7.313144219198686E-01 -2.642157829351925E-01 6.287839345434579E-01 2.968434986694796E+00 6.727128304431338E-01 1.274807038950357E-01 -7.288388833559951E-01
9.999855586328245E-01 4.512463224006402E-04 -5.355268672504797E-03 2.128546014170556E-01 5.139090368564592E-03 2.112481455329099E-01 9.774189535501603E-01
-9.647619890445031E-01 -1.561310660188787E-02 -2.626604945497751E-01 2.120309841844047E+00 1.273447329305062E-01 8.458358178809908E-01 -5.180203549904707E-01
3.436580983403172E-01 8.048789526951879E-01 4.838067619963720E-01 4.671139441603703E+00 9.229718553093795E-01 -3.845400660449262E-01 -1.587110307841218E-02
8.892101611636951E-01 -2.039158312631053E-01 -4.095407464996761E-01 3.192215834638604E+00 -4.265319726048341E-01 -4.576772031651976E-02 -9.033137838663030E-01
9.044776439610908E-01 -2.066273875756900E-01 -3.731290852751097E-01 3.643638557970847E+00 -4.265186619564444E-01 -4.352532553924937E-01 -7.928659626148173E-01
-2.484025560685366E-01 5.529818238809908E-01 -7.953032582580498E-01 3.459845017726747E+00 9.198123716512190E-01 -1.227717885645881E-01 -3.726557243489114E-01
9.743484836705585E-01 -1.819864595204147E-01 1.323856522441456E-01 2.206694097227152E+00 2.250392970874362E-01 7.839021628480549E-01 -5.786663234097299E-01
9.999461180599371E-01 7.143231116562398E-03 -7.532278943177884E-03 2.230644143762942E+00 -1.026103775918815E-02 7.900439336191345E-01 -6.129643497428778E-01
9.745318486958944E-01 1.702149941684988E-01 1.459949712749737E-01 3.025166170185329E+00 1.274585200311499E-01 1.152161903557588E-01 -9.851292073384965E-01
6.830129133511411E-01 2.831364159832810E-01 -6.732957226507004E-01 6.173316925978408E+00 7.158781899357072E-01 -7.655863026347669E-02 6.940152687848847E-01
7.702840152867613E-01 -5.473326966775163E-01 3.272452519768967E-01 4.575316423518048E+00 -5.425313994366682E-01 -8.321562062169494E-01 -1.147855787105008E-01
-9.126038563710268E-01 -3.636278056054898E-01 1.868930719081539E-01 1.147502485239849E+00 -2.688821071712680E-01 8.781642967214054E-01 3.956385729512963E-01
-9.276447928542254E-01 -3.483425496516426E-01 -1.346573666482244E-01 4.789960855181512E+00 3.413264312101711E-01 -9.371182292717455E-01 7.284017932375381E-02
9.809258358120616E-01 1.038428689928127E-01 -1.643203067053792E-01 5.727690145660092E+00 1.943762477913392E-01 -5.173056841324538E-01 8.334342826274991E-01
3.422007157895218E-01 -1.364447295116396E-01 9.296674168226153E-01 5.479989746800301E+00 -9.084561542095468E-01 -3.007696604283657E-01 2.902499392671868E-01
-7.624492492673923E-01 1.959790642090768E-01 6.166549672899136E-01 7.721330245309076E-01 6.044557633841556E-01 5.557869237956224E-01 5.707312199709041E-01
3.257830265459170E-02 2.630713184800952E-01 9.642261848701738E-01 1.619400065727896E+00 -9.888075369086313E-01 1.490205081263172E-01 -7.248662667001148E-03
-9.888894133605446E-01 -1.199343577551551E-01 -8.782640817713319E-02 9.493056818835174E-01 -1.486449139032642E-01 8.039793955117279E-01 5.757793163732854E-01
-9.986621193553045E-01 -4.132436059570906E-02 -3.108486104404429E-02 9.562900873825861E-01 -5.168660975889511E-02 8.159661089906722E-01 5.757845112107950E-01
9.093847313385538E-01 1.645931836529007E-01 3.820058825506604E-01 4.893617218713556E-02 -3.938028197659856E-01 4.496393065909904E-02 9.180945398400115E-01
4.748234411525807E-01 4.317604116037118E-01 7.668935041476196E-01 3.921297527280674E+00 8.727544665830239E-01 -3.432100536889094E-01 -3.471404616379907E-01
7.787381590831780E-01 -5.235661744455908E-01 -3.456086523282543E-01 2.435862314804562E-01 5.099721228209345E-01 2.074647476469387E-01 8.347974679102123E-01
-9.753367867904782E-01 3.117492804468128E-02 -2.185092130657979E-01 2.992754210782042E+00 2.207165613043853E-01 1.446324005598372E-01 -9.645546476349933E-01
6.666882854374095E-01 -7.133474265462992E-01 2.160143029993606E-01 2.619989325247099E+00 6.313245945968284E-01 3.864183995253546E-01 -6.723913122322548E-01
-1.635063782870546E-02 -8.963758107202743E-01 -4.429932985928406E-01 2.765914175733442E+00 9.812379462907275E-01 7.073928804403011E-02 -1.793545256919356E-01
-4.378132413715875E-01 6.894595955342426E-01 -5.770312225568582E-01 5.017223132562018E+00 -8.846906902338402E-01 -4.446861410271092E-01 1.399164700526333E-01
-2.238624657344803E-01 6.786646783802752E-01 -6.994997146205825E-01 1.695445306568417E+00 9.592884328443433E-01 2.802369693340536E-01 -3.511329704696768E-02
-8.306653931507454E-01 5.556958176521283E-01 3.460004141110096E-02 5.104568958446633E+00 -5.159227438944802E-01 -7.915977166499811E-01 3.274091894356765E-01
8.693176656614384E-01 4.824685197624604E-01 -1.072889724397056E-01 4.638531906192801E+00 4.781224385871609E-01 -8.758987957493023E-01 -6.480920709581763E-02
-9.738004063044280E-01 -2.272787418922374E-01 7.559243693179508E-03 1.610958330900997E+00 -2.273992616212073E-01 9.730163511883296E-01 -3.909931117396953E-02
9.948250035078539E-01 4.700195679968155E-02 9.007790213254048E-02 4.654528893931247E-01 -1.015911687637087E-01 4.465054286707794E-01 8.889950149448236E-01
-8.308086889648058E-01 -8.162911076258447E-02 5.505393815311402E-01 2.997219101842509E+00 -5.565565701884305E-01 1.195306934226012E-01 -8.221661617398290E-01
-9.990109928929606E-01 4.445749878766083E-02 -7.529147137912365E-04 4.764693164538308E+00 -4.443611841229533E-02 -9.976460266466126E-01 5.222869801818437E-02
6.845753527168330E-01 -7.194278541947278E-01 1.173888796325830E-01 2.003752684923391E+00 7.160838398718649E-01 6.336080550472949E-01 -2.928562221526966E-01
8.129477921311087E-01 5.729098971539033E-01 1.043558192544129E-01 1.572189612000702E+00 -5.759570752111055E-01 8.174791436076593E-01 -1.138982333856959E-03
9.966536909405164E-01 -5.728963145157695E-02 5.830367452218007E-02 5.487322015669627E+00 -8.172493197334829E-02 -7.120779386232549E-01 6.973277886474967E-01
6.015805917750185E-01 4.435047799915895E-01 6.643826470673587E-01 3.566560689163010E+00 7.949001597978261E-01 -2.501539469803281E-01 -5.527718686434339E-01
9.985559904748039E-01 -4.267145043934778E-02 3.263558187447559E-02 2.252982486928664E+00 5.369793920184336E-02 7.750763428728547E-01 -6.295817612068477E-01
8.255457117731126E-01 -3.746029395948405E-01 4.220745377536166E-01 2.148846040323685E+00 5.504892046256669E-01 6.992053412195658E-01 -4.561507715664102E-01
8.612710428547553E-01 4.384590848896822E-01 2.568381233726502E-01 3.341616964868157E+00 3.661012003323966E-01 -1.848988935476972E-01 -9.120210032011410E-01
4.080699665428141E-01 4.457444204622638E-01 -7.967376067643018E-01 2.829796854751552E+00 -9.098974039460229E-01 1.272577416896026E-01 -3.948318394865722E-01
9.956722397928855E-01 8.743208634105491E-02 3.150271708708444E-02 4.383478301785612E+00 9.292114889289955E-02 -9.423001643896644E-01 -3.216147699960857E-01
1.380396634355619E-01 5.272723636493822E-01 -8.384085554490666E-01 3.906279701307765E-01 9.723243107343934E-01 8.896110065070575E-02 2.160355464406304E-01
9.606040287968185E-01 -2.221675722104259E-01 1.669774527217565E-01 4.546102920494651E+00 -1.954721358667537E-01 -9.671816476823731E-01 -1.623277686845323E-01
-9.840528557913703E-01 1.621945701732811E-01 7.302669659209099E-02 1.138901954158861E+00 1.778695670610172E-01 8.936927269940192E-01 4.119171358799237E-01
-4.907477051078855E-01 -6.594337884316592E-01 -5.694855297599875E-01 9.902905564395447E-01 -8.694628246385600E-01 4.130742150780169E-01 2.709318907201900E-01
9.954823995562895E-01 -8.345285176130829E-02 4.528149408485958E-02 2.084501561196306E+00 9.493335617137132E-02 8.669962691239624E-01 -4.891882329034185E-01
-9.937927743206002E-01 -6.949400440369598E-02 8.687062253779249E-02 2.481003696600120E+00 -1.112361450174932E-01 6.097741287896881E-01 -7.847305473220882E-01
8.637490062893447E-01 -4.494614593134215E-01 -2.278641058306881E-01 1.843613819494071E+00 3.950540331998995E-01 8.846818364930985E-01 -2.475285014532492E-01
-4.188611099323797E-01 -1.924882044998993E-01 8.874140306050046E-01 3.040587538998349E+00 -9.070335712194371E-01 4.245676597655181E-02 -4.189123102795221E-01
9.967284675845430E-01 -6.421788856514778E-03 -8.056750296770324E-02 9.899446265692870E-02 8.080783198085981E-02 9.850963939382154E-02 9.918497594076697E-01
7.119595884514651E-01 -6.737300846005025E-01 -1.979932259351825E-01 1.603463029619350E+00 6.836365787019654E-01 7.294332334028019E-01 -2.383665807543217E-02
-6.918495427631559E-01 6.652450901872137E-02 7.189705834582039E-01 2.919937315511331E+00 -7.044893219630670E-01 1.560270356121902E-01 -6.923513265662820E-01
5.268873232075701E-01 -7.929826618811310E-01 3.058892717946763E-01 2.133547141431051E+00 8.453893209488459E-01 4.517796423275862E-01 -2.849772812067788E-01
9.784046695867157E-01 2.103772969523517E-02 2.056251844015710E-01 9.434916779015488E-02 -2.066928538020561E-01 9.217488509224818E-02 9.740543387026170E-01
-8.743870540926585E-01 1.009534496922719E-01 4.746110835519879E-01 4.412462306789204E-01 4.752250644874336E-01 3.757606990215094E-01 7.955909974061931E-01
9.498725072426101E-01 -2.735207734317014E-01 1.514219484947985E-01 5.603824884287175E+00 -2.916801792307905E-01 -6.009747120039862E-01 7.441451932087043E-01
9.157952709702882E-01 3.732198518674525E-01 -1.484114680221616E-01 4.677752422685321E+00 3.727341287454559E-01 -9.273816178568457E-01 -3.213415829899947E-02
-9.779157279479317E-01 -1.951088471999176E-01 -7.492240503605124E-02 1.211679349281029E+00 -2.089939345504097E-01 9.155331949143155E-01 3.436866368236116E-01
9.998404628512630E-01 -1.684487014271478E-02 5.941312586222644E-03 1.998024222105003E+00 1.779261888486787E-02 9.099737924749817E-01 -4.142838636996580E-01
9.972746558953794E-01 -2.693027619775094E-02 -6.868785141977758E-02 3.949630262914783E-01 7.376179105061396E-02 3.837258945689486E-01 9.204964073902003E-01
-4.450302824170037E-01 7.970108473464725E-01 -4.083157564237509E-01 1.718232169391184E+00 8.855489427819362E-01 4.595062342734805E-01 -6.824287949376329E-02
-4.206352057401061E-01 -4.899201882254627E-01 -7.635733316853764E-01 3.862937205277609E+00 9.053801854833475E-01 -2.804048948389786E-01 -3.188413628820460E-01
-9.841305948195308E-01 1.432239179121529E-02 1.768667335412045E-01 3.231256017897360E+00 -1.774389411586443E-01 -8.812238136144313E-02 -9.801784878600874E-01
-9.142699522219697E-02 -3.039713278347129E-01 -9.482839956463686E-01 1.102192175317608E+00 -9.915659211767809E-01 1.156320394039190E-01 5.853422438311148E-02
-8.981806662369426E-01 4.058506911332404E-01 1.689872992411943E-01 4.479357946417434E+00 -4.349932063894489E-01 -8.760958353934959E-01 -2.079350802563114E-01
8.041022791345289E-01 5.914410214541304E-01 6.014185590710519E-02 4.054990436171322E+00 5.317865687966350E-01 -6.703758693889755E-01 -5.174932260314883E-01
-9.810833955543155E-01 -4.668576650273572E-02 1.878717918519616E-01 2.906150557178143E+00 -1.935794185143679E-01 2.288604594296670E-01 -9.540177665207713E-01
-9.001080245350088E-01 3.874096744015195E-01 -1.992969852952944E-01 4.514109272302406E+00 -3.538735333167154E-01 -9.169679836290009E-01 -1.842369111153020E-01
3.390184226341830E-02 9.987236435575568E-01 -3.743993710284170E-02 6.183238471743269E+00 9.706818008396140E-01 -2.398405715936682E-02 2.391685734391963E-01
-9.788632700864899E-01 8.456574722215923E-02 -1.862131382914255E-01 2.707617755969167E+00 2.045099741780897E-01 4.115934705514513E-01 -8.881252645100739E-01
-4.875150323496470E-01 -1.684203479537912E-01 -8.567168024663965E-01 5.976699008668866E+00 -8.436247211106477E-01 -1.619984273209933E-01 5.119119450418274E-01
9.481027269479806E-01 1.082496379062759E-01 2.989702912447373E-01 2.979655004056730E+00 2.810032925243206E-01 1.547343023179970E-01 -9.471506982928607E-01
9.999205736909964E-01 9.737777785750641E-03 8.001374460935443E-03 7.578895555774662E-01 -1.250497320278944E-02 6.873364387112241E-01 7.262315372282927E-01
6.319965153795419E-01 -1.073999111024846E-01 7.674931033196942E-01 3.649270995895431E+00 6.994233245109971E-01 -3.474549192180655E-01 -6.245655227765555E-01
-9.631539357004095E-01 2.523189179569603E-01 -9.311100786609593E-02 1.042484678866839E+00 1.747907574038125E-01 8.503638425808770E-01 4.963159541635621E-01
-5.858875548902670E-01 -2.972310895447887E-01 -7.539160778446909E-01 5.407206501509528E-01 -8.065546414741722E-01 3.043017214821922E-01 5.068235122993445E-01
-9.312648827210599E-01 -6.878595439710372E-02 -3.577907358893045E-01 6.089488985013298E+00 -3.410454682249153E-01 -1.809471651872329E-01 9.224674043097418E-01
-1.692735101178255E-01 -5.553314590248515E-02 -9.840033274733189E-01 5.572579483394107E+00 -9.727082681042596E-01 -1.513525544437474E-01 1.758721962817442E-01
-1.136608882471093E-01 -5.219884444248762E-01 -8.453456490511891E-01 3.331689561041509E-01 -9.931988209501339E-01 3.807741375754604E-02 1.100282355797844E-01
-9.383733899148766E-01 9.323547986715784E-02 -3.328100455118561E-01 6.014590395990164E+00 -3.456200284813845E-01 -2.490230136702050E-01 9.047288735168872E-01
9.821466951183159E-01 -1.674040006170775E-01 -8.581241078985936E-02 1.105472875382717E+00 1.881102985269193E-01 8.777224822909286E-01 4.407014405117867E-01
-6.002847699603374E-01 -6.375426076872903E-02 7.972412365071803E-01 3.181823227168435E+00 -7.976984146320560E-01 -2.425476817867751E-02 -6.025686230746695E-01
-2.005734760467296E-01 -7.612600888217346E-01 -6.166468664265286E-01 1.738219575141571E+00 -9.552665161284977E-01 2.916110235790989E-01 -4.928381165121894E-02
-7.355673665767791E-01 -5.675826741765804E-01 -3.698520747567384E-01 4.489442197911904E+00 6.536483262821038E-01 -7.380677744582592E-01 -1.673314849478023E-01
-8.070356962864048E-01 3.807210934156514E-01 4.513810296721701E-01 1.091300633987615E-02 4.915323502373546E-01 9.503504601972714E-03 8.708074598155570E-01
-9.971767069674072E-01 -3.701098601964084E-02 6.533606963608790E-02 5.746843339458102E+00 7.507434098853946E-02 -5.095529739131659E-01 8.571578676658024E-01
-9.073091969487443E-01 -3.290815072327583E-03 4.204511763194206E-01 6.271618990557188E+00 4.204616342440561E-01 -1.049400443458883E-02 9.072496293742668E-01
8.859840170025071E-01 -1.703859060847447E-01 -4.312782913894249E-01 3.514452598823500E+00 -4.637136841881105E-01 -3.227469708552939E-01 -8.251084849281465E-01
-8.697162821992798E-01 3.168723630329924E-01 -3.783985914658645E-01 2.685157738382160E+00 4.826758695393057E-01 3.860091298933889E-01 -7.861430891405355E-01
-9.984005055361821E-01 -2.874906317853759E-02 4.868184375567931E-02 5.721928403659288E+00 5.651518468865757E-02 -5.314000208463902E-01 8.452337261042433E-01
9.303999857844159E-01 -3.645464347749973E-01 -3.823301381263719E-02 1.280923901406021E+00 3.610908500279969E-01 8.936257879730936E-01 2.665452102280705E-01
6.918845724636069E-01 5.726846239908864E-01 4.396908684874737E-01 1.070937943092847E+00 -7.178298435644217E-01 6.110365512051336E-01 3.336984398819002E-01
-9.871597398645545E-01 5.808013718199926E-02 -1.488030431660093E-01 5.920899087274359E+00 -1.597286409092034E-01 -3.498626543990281E-01 9.230833571948771E-01
-4.885861979198577E-02 9.900145368177314E-01 -1.322272746508636E-01 6.121117845029078E+00 -9.861254507553634E-01 -2.678587003339077E-02 1.638264708131310E-01
6.828511060503645E-01 6.461244337656168E-01 3.409363328494849E-01 3.995590549151877E+00 7.212923343430514E-01 -5.221832904469699E-01 -4.550406351040830E-01
-8.063957911555121E-01 -3.761400504938691E-01 4.563381316755649E-01 5.902822853561877E+00 5.727056699908117E-01 -3.043420715627998E-01 7.611728575279331E-01
8.632088716590498E-01 3.545366927586452E-01 3.594080930876098E-01 4.509917863380911E+00 4.371527649036796E-01 -8.810151714901869E-01 -1.808583084660052E-01
-3.807699871257067E-01 9.214804768791930E-01 -7.673296315654926E-02 2.165868208850697E+00 9.042002028228979E-01 3.536923663659100E-01 -2.394236896998982E-01
-9.395466649334048E-01 1.793700254369086E-01 2.916821187307842E-01 5.467480179033488E-01 3.424177009924608E-01 4.884822604677181E-01 8.025803381938698E-01
4.092858022789480E-01 -9.120963480527153E-01 -2.377780313187167E-02 1.864491229047243E+00 9.041410344971947E-01 4.089402805202376E-01 -1.236803812509157E-01
-6.825191619719823E-01 1.372909571652070E-01 -7.178570795233019E-01 2.486167620914194E+00 6.911911640701838E-01 4.404658619797314E-01 -5.729263470479922E-01
-9.999320918970044E-01 -9.978537645389227E-03 6.019998416986501E-03 5.119891811853630E+00 1.154727599327450E-02 -9.180521444727515E-01 3.962914589618572E-01
-9.995156710720342E-01 2.808726143047146E-02 1.339884423215637E-02 1.075133734645613E+00 3.107978970827275E-02 8.792288095636337E-01 4.753848410551237E-01
8.547097444904573E-01 -4.777597495992800E-01 -2.030193939895658E-01 1.632611361960151E+00 4.773461908796887E-01 8.770370258409196E-01 -5.428323274056157E-02
5.129780913118503E-01 2.974078124384509E-01 -8.052341714896520E-01 2.565662544469517E+00 -8.526978037044908E-01 2.845093736268233E-01 -4.381333950705087E-01
-6.911338366679157E-01 6.943588050945819E-01 2.004990513701034E-01 4.821218232384827E+00 -6.952251752063932E-01 -7.145395944260233E-01 7.807127356931007E-02
-9.719493465122498E-01 2.024246780105514E-01 1.197443841970686E-01 4.184891206958515E+00 -2.351853146427325E-01 -8.398326559732934E-01 -4.892534902657751E-01
9.985795531347382E-01 2.457073208711463E-02 -4.727742786922466E-02 2.632783578948208E+00 -5.325796402909900E-02 4.864461757285344E-01 -8.720858371665939E-01
9.985555505420939E-01 -5.368868074390989E-02 2.082796570599521E-03 4.721894561549576E+00 -5.370611949666223E-02 -9.985116724341012E-01 9.491719626301543E-03
-8.880250668696131E-01 4.004732381370982E-01 -2.259041083008589E-01 2.080975274764672E+00 4.597929218098638E-01 7.749423689308688E-01 -4.336528495114055E-01
-7.700314575616337E-01 -3.374781845725247E-01 -5.414425447848912E-01 3.964535048603876E+00 6.244563725488261E-01 -5.726339318426236E-01 -5.311728709992813E-01
4.217571803000197E-01 2.317850900595391E-01 8.765823138139783E-01 6.470450344827720E-01 -8.934904566813918E-01 2.707208239886432E-01 3.583085810836629E-01
5.469297397776832E-04 -2.113269766354581E-01 9.774152698899156E-01 4.496359737154695E+00 9.847599018592111E-01 -1.698768061732161E-01 -3.728010749212542E-02
9.639324179653361E-01 4.933910422162285E-02 2.615338341211482E-01 1.805534927616972E-01 -2.661428119921556E-01 1.730975068646247E-01 9.482643390648829E-01
9.450398629082339E-01 1.683146099828778E-01 -2.803031387278749E-01 2.596015912468140E+00 -3.269517540250952E-01 4.903923673243451E-01 -8.078476815649954E-01
-6.272601946455604E-01 5.867261718214314E-01 5.121494386533894E-01 1.029168304295912E+00 7.740084075264508E-01 5.425492652434132E-01 3.264219353263505E-01
-6.397240858997604E-01 1.864659528840049E-01 -7.456430394865737E-01 2.639653309900244E+00 7.579759190191788E-01 3.138304591112371E-01 -5.718242292182637E-01
9.655138552842680E-01 -1.022367275946308E-01 2.394381899047242E-01 5.873594362611203E+00 -2.603472498219087E-01 -3.845010564703651E-01 8.856513123590694E-01
9.918947738878174E-01 -6.578747600694365E-02 1.087049471490208E-01 5.726581028106953E+00 -1.270524502010691E-01 -5.240247064041986E-01 8.421732493827492E-01
-9.387486958626925E-01 2.110691661395135E-01 -2.723980416986597E-01 5.628528279905376E+00 -3.445993430959319E-01 -5.715927843725332E-01 7.446697130883643E-01
9.773790397453398E-01 -6.890597221651742E-02 1.999554441853836E-01 5.943888724211932E+00 -2.114895999989419E-01 -3.252954668145243E-01 9.216588351240432E-01
-9.405325343056100E-01 -2.625487619736840E-01 -2.155613590111927E-01 8.879896107783128E-01 -3.397004045781896E-01 7.296705706763755E-01 5.934513403963519E-01
3.294773179435298E-02 -9.873651107065576E-01 1.549986617007854E-01 3.166133325542221E+00 9.696750930990781E-01 -5.997080686145075E-03 -2.443240652218650E-01
-7.660610420686095E-01 6.388702489066039E-01 -7.067732936925589E-02 4.825015810288370E+00 -6.427666986775815E-01 -7.612084501861652E-01 8.609684335850909E-02
-8.920129602990642E-01 4.461021956941514E-01 7.284030241121417E-02 4.665531746412144E+00 -4.496295519158308E-01 -8.922347363099387E-01 -4.183827632567473E-02
9.999799790195301E-01 -6.060438050614265E-03 1.820068881910182E-03 4.753024022151071E+00 -6.129381021548851E-03 -9.991557409619376E-01 4.062309676888279E-02
-9.991357694075237E-01 2.138829439175279E-02 3.564063907181397E-02 3.719930287605225E+00 -4.153608328376625E-02 -5.461609316241433E-01 -8.366498613834177E-01
7.065524325140243E-01 1.329442414949984E-01 -6.950607806241368E-01 6.096419868976906E+00 7.076598235538740E-01 -1.311939194860116E-01 6.942663247037104E-01
-6.208550191519732E-01 -7.208403618523895E-01 3.081042322304566E-01 5.114304941235553E+00 7.839248000927242E-01 -5.713817717624452E-01 2.428678214527220E-01
9.966092862998369E-01 5.726711492468818E-02 5.907967509332029E-02 3.930524358570063E+00 8.226466344160237E-02 -7.071957733114406E-01 -7.022155391041084E-01
-9.373552764177945E-01 -2.275043987959365E-01 2.638310715215698E-01 5.567073977409819E+00 3.483718035102491E-01 -6.153334146513312E-01 7.071081072456668E-01
9.037384814588858E-01 -1.160102725366851E-01 4.120659823333530E-01 2.870835777034359E+00 4.280826297075863E-01 2.417149303357489E-01 -8.708152241408171E-01
-9.987695860972935E-01 4.838647219170804E-02 -1.086568892809450E-02 1.759980642325470E+00 4.956659782484332E-02 9.809507095012623E-01 -1.878266698555887E-01
-9.651740177661616E-01 -2.024035904910027E-01 -1.657464991650668E-01 4.020224332044934E+00 2.616043047944814E-01 -7.430558974177961E-01 -6.159798056962824E-01
